1	Værøy	1		5881452.640351	6535
1	Værøy	2		1770285.744999	1967
1	Værøy	3		1169090.586047	1299
1	Værøy	4		1039491.629626	1155
1	Værøy	5		546295.601024	607
1	Værøy	6		673194.579186	748
1	Værøy	7		664194.651657	738
1	Værøy	8		430196.535897	478
1	Værøy	9		224098.195478	249
1	Værøy	10		285297.702677	317
2	Hemnes	1		690610338.940170	767351
2	Hemnes	2		203786259.036276	226431
2	Hemnes	3		115050573.570078	127835
2	Hemnes	4		56832742.361647	63148
2	Hemnes	5		35854811.283729	39839
2	Hemnes	6		40157676.635461	44620
2	Hemnes	7		41882062.750064	46536
2	Hemnes	8		37227300.231938	41364
2	Hemnes	9		45591832.877619	50658
2	Hemnes	10		29911259.143415	33235
3	Lødingen	1		340358359.304812	378179
3	Lødingen	2		66318665.977472	73688
3	Lødingen	3		25690293.132199	28545
3	Lødingen	4		14667181.894383	16297
3	Lødingen	5		12274101.164361	13638
3	Lødingen	6		13993987.315197	15549
3	Lødingen	7		8132334.515411	9036
3	Lødingen	8		6507847.596386	7231
3	Lødingen	9		7159442.349502	7955
3	Lødingen	10		3000575.838245	3334
4	Dønna	1		156578039.175153	173977
4	Dønna	2		8811829.043868	9791
4	Dønna	3		3119374.881631	3466
4	Dønna	4		1205090.296164	1339
4	Dønna	5		931492.499275	1035
4	Dønna	6		859493.079041	955
4	Dønna	7		1061991.448449	1180
4	Dønna	8		843293.209489	937
4	Dønna	9		837893.252971	931
4	Dønna	10		445496.412697	495
5	Songdalen	1		201155580.219522	223508
6	Asker	1		71010328.198468	78901
7	Leikanger	1		104621457.549188	116247
7	Leikanger	2		14780580.981251	16423
7	Leikanger	3		8898228.348148	9887
7	Leikanger	4		6327849.045801	7031
7	Leikanger	5		5058859.264180	5621
7	Leikanger	6		6119050.727123	6799
7	Leikanger	7		2654978.621123	2950
7	Leikanger	8		1934084.426031	2149
7	Leikanger	9		2536179.577737	2818
7	Leikanger	10		15113578.299833	16793
8	Fredrikstad	1		189017377.961029	210021
9	Hadsel	1		395455915.637941	439399
9	Hadsel	2		56227947.231682	62476
9	Hadsel	3		21535926.584699	23929
9	Hadsel	4		11303008.983958	12559
9	Hadsel	5		7995535.616967	8884
9	Hadsel	6		9071926.949462	10080
9	Hadsel	7		4400064.569041	4889
9	Hadsel	8		3777269.584018	4197
9	Hadsel	9		4657462.496377	5175
9	Hadsel	10		2742277.918156	3047
10	Sandnes	1		222537608.043149	247266
10	Sandnes	2		6957843.972847	7731
10	Sandnes	3		2011483.802783	2235
10	Sandnes	4		877492.934100	975
10	Sandnes	5		364497.064934	405
10	Sandnes	6		212398.289690	236
10	Sandnes	7		119699.036139	133
10	Sandnes	8		18899.847811	21
10	Sandnes	9		35999.710117	40
10	Sandnes	10		35099.717364	39
11	Hareid	1		39802179.498056	44225
11	Hareid	2		5305457.278481	5895
11	Hareid	3		3507271.758141	3897
11	Hareid	4		3950968.185332	4390
11	Hareid	5		4367664.829936	4853
11	Hareid	6		4896860.568654	5441
11	Hareid	7		2894376.693400	3216
11	Hareid	8		1962884.194125	2181
11	Hareid	9		2451580.258962	2724
11	Hareid	10		2316581.346024	2574
12	Tokke	1		750880153.624271	834318
12	Tokke	2		65092875.847989	72326
12	Tokke	3		25224996.878937	28028
12	Tokke	4		15487075.292295	17208
12	Tokke	5		11355208.563627	12617
12	Tokke	6		11121210.447867	12357
12	Tokke	7		7077543.008986	7864
12	Tokke	8		5728453.872355	6365
12	Tokke	9		6516847.523915	7241
12	Tokke	10		10341816.723836	11491
13	Askvoll	1		162607990.619648	180677
13	Askvoll	2		39730180.077822	44145
13	Askvoll	3		20592734.179634	22881
13	Askvoll	4		16751565.110152	18613
13	Askvoll	5		15948771.574545	17721
13	Askvoll	6		14466483.510481	16074
13	Askvoll	7		10501115.441104	11668
13	Askvoll	8		8567031.015073	9519
13	Askvoll	9		9469723.746254	10522
13	Askvoll	10		11212109.715913	12458
14	Overhalla	1		364911061.596940	405460
14	Overhalla	2		76576783.375306	85086
14	Overhalla	3		40695872.301710	45218
14	Overhalla	4		27991574.601427	31102
14	Overhalla	5		25752392.632150	28614
14	Overhalla	6		31630245.301501	35145
14	Overhalla	7		27219380.819417	30244
14	Overhalla	8		21855424.011987	24284
14	Overhalla	9		24666101.379370	27407
14	Overhalla	10		16068470.610684	17854
15	Bergen	1		287787982.621853	319767
15	Bergen	2		28259772.441798	31400
15	Bergen	3		14533982.966950	16149
15	Bergen	4		10659514.165618	11844
15	Bergen	5		8036035.290848	8929
15	Bergen	6		7431240.160884	8257
15	Bergen	7		7787637.291042	8653
15	Bergen	8		7072143.052468	7858
15	Bergen	9		7240441.697265	8045
15	Bergen	10		5855352.850517	6506
16	Ringsaker	1		700433759.838179	778266
16	Ringsaker	2		62894193.552594	69883
16	Ringsaker	3		37215600.326150	41351
16	Ringsaker	4		29234464.593215	32483
16	Ringsaker	5		11613506.483716	12904
16	Ringsaker	6		8251133.558797	9168
16	Ringsaker	7		17216861.363414	19130
16	Ringsaker	8		22091222.113253	24546
16	Ringsaker	9		27128481.551372	30143
16	Ringsaker	10		42191660.257070	46880
17	Kristiansand	1		241151258.158827	267948
18	Hurum	1		141261062.513384	156958
19	Krødsherad	1		310919596.357137	345469
19	Krødsherad	2		6209949.995168	6900
19	Krødsherad	3		3971668.018649	4413
19	Krødsherad	4		3088775.128032	3432
19	Krødsherad	5		2237381.983766	2486
19	Krødsherad	6		2312981.375012	2570
19	Krødsherad	7		1527287.701710	1697
19	Krødsherad	8		1194290.383129	1327
19	Krødsherad	9		1760385.824717	1956
19	Krødsherad	10		9013427.420522	10015
20	Alstahaug	1		152911468.699799	169903
20	Alstahaug	2		5750053.698425	6389
20	Alstahaug	3		1564187.404580	1738
20	Alstahaug	4		748793.970432	832
20	Alstahaug	5		530095.731472	589
20	Alstahaug	6		465296.253261	517
20	Alstahaug	7		503995.941637	560
20	Alstahaug	8		338397.275099	376
20	Alstahaug	9		262797.883854	292
20	Alstahaug	10		183598.521596	204
21	Kvitsøy	1		4232665.916997	4703
22	Vågå	1		645254304.164535	716955
22	Vågå	2		118503845.763050	131672
22	Vågå	3		65064976.072648	72295
22	Vågå	4		58495028.976299	64995
22	Vågå	5		47435018.035609	52706
22	Vågå	6		46135428.500386	51262
22	Vågå	7		50436493.866612	56041
22	Vågå	8		53510869.110603	59457
22	Vågå	9		66364565.607871	73739
22	Vågå	10		29140865.346911	32379
23	Nærøy	1		693367016.742332	770414
23	Nærøy	2		106040746.120550	117824
23	Nærøy	3		49503201.381830	55004
23	Nærøy	4		24892899.553107	27659
23	Nærøy	5		18070954.485939	20079
23	Nærøy	6		17022462.928782	18914
23	Nærøy	7		16192669.610587	17992
23	Nærøy	8		13798688.887812	15332
23	Nærøy	9		15815572.647112	17573
23	Nærøy	10		11582006.737364	12869
24	Leksvik	1		174331296.219049	193703
24	Leksvik	2		74978396.246112	83310
24	Leksvik	3		36181508.653040	40202
24	Leksvik	4		23404311.539770	26005
24	Leksvik	5		15612174.284952	17347
24	Leksvik	6		15802072.755818	17558
24	Leksvik	7		14018287.119526	15576
24	Leksvik	8		10875512.426320	12084
24	Leksvik	9		11092410.679774	12325
24	Leksvik	10		12448699.758428	13832
25	Sande	1		141972956.780935	157749
26	Stranda	1		550732565.290198	611930
26	Stranda	2		56711243.340002	63013
26	Stranda	3		30103857.592541	33449
26	Stranda	4		16695765.559471	18551
26	Stranda	5		13167793.968014	14631
26	Stranda	6		13596190.518405	15107
26	Stranda	7		7794837.233065	8661
26	Stranda	8		5281157.474152	5868
26	Stranda	9		5781553.444777	6424
26	Stranda	10		12261501.265821	13624
27	Gulen	1		382394320.814963	424886
27	Gulen	2		45793431.254274	50882
27	Gulen	3		26040390.313086	28934
27	Gulen	4		21972423.069867	24414
27	Gulen	5		18437251.536380	20486
27	Gulen	6		18686549.528940	20763
27	Gulen	7		14554682.800268	16172
27	Gulen	8		12554898.903273	13950
27	Gulen	9		14003887.235479	15560
27	Gulen	10		20263336.832063	22515
28	Farsund	1		211414597.609939	234907
28	Farsund	2		8566131.022320	9518
28	Farsund	3		3104075.004831	3449
28	Farsund	4		1227590.114987	1364
28	Farsund	5		540895.644507	601
28	Farsund	6		445496.412697	495
28	Farsund	7		425696.572133	473
28	Farsund	8		306897.528747	341
28	Farsund	9		120599.028892	134
28	Farsund	10		358197.115663	398
29	Arendal	1		228275961.835701	253642
30	Gaular	1		338153377.060183	375729
30	Gaular	2		51256387.264527	56952
30	Gaular	3		28461370.818453	31624
30	Gaular	4		21598026.084651	23998
30	Gaular	5		19273344.803846	21415
30	Gaular	6		20446035.360907	22718
30	Gaular	7		14692381.691465	16325
30	Gaular	8		10691013.911970	11879
30	Gaular	9		11573006.809835	12859
30	Gaular	10		14673481.843653	16304
31	Odda	1		1090583318.205006	1211769
31	Odda	2		93478647.275229	103866
31	Odda	3		44263443.574303	49182
31	Odda	4		30990350.454171	34434
31	Odda	5		23195513.221092	25773
31	Odda	6		24928899.263224	27699
31	Odda	7		14140686.133923	15712
31	Odda	8		11083410.752245	12315
31	Odda	9		12816796.794374	14241
31	Odda	10		20128337.919125	22365
32	Vestre Toten	1		166976555.442271	185531
32	Vestre Toten	2		18899.847811	21
33	Hå	1		118773843.588927	131972
33	Hå	2		23363811.865889	25960
33	Hå	3		10797213.056815	11997
33	Hå	4		6696846.074499	7441
33	Hå	5		3296673.453957	3663
33	Hå	6		1955684.252102	2173
33	Hå	7		1513787.810416	1682
33	Hå	8		617395.028505	686
33	Hå	9		343797.231617	382
33	Hå	10		711894.267562	791
34	Agdenes	1		180272148.381006	200304
34	Agdenes	2		43787347.408006	48653
34	Agdenes	3		18068254.507680	20076
34	Agdenes	4		8726329.732340	9696
34	Agdenes	5		6534847.378973	7261
34	Agdenes	6		6185650.190839	6873
34	Agdenes	7		5486355.821818	6096
34	Agdenes	8		4818561.199150	5354
34	Agdenes	9		4648462.568847	5165
34	Agdenes	10		3158974.562760	3510
35	Ski	1		117794651.473745	130884
36	Selbu	1		634772988.564149	705309
36	Selbu	2		140424069.253178	156028
36	Selbu	3		74567999.550779	82854
36	Selbu	4		49467201.671713	54964
36	Selbu	5		38682588.513418	42981
36	Selbu	6		42747855.778378	47498
36	Selbu	7		42422958.394572	47137
36	Selbu	8		37544997.673721	41717
36	Selbu	9		40938870.344999	45488
36	Selbu	10		20984231.027156	23316
37	Melhus	1		458806405.515252	509789
37	Melhus	2		36599105.290397	40666
37	Melhus	3		16275468.943856	18084
37	Melhus	4		11744905.425643	13050
37	Melhus	5		10469615.694751	11633
37	Melhus	6		12331700.700548	13702
37	Melhus	7		14965079.495600	16628
37	Melhus	8		12677297.917671	14086
37	Melhus	9		11040211.100104	12267
37	Melhus	10		8450931.949946	9390
38	Ørsta	1		537686270.344019	597434
38	Ørsta	2		46008529.522223	51121
38	Ørsta	3		21840124.135187	24267
38	Ørsta	4		12761897.236446	14180
38	Ørsta	5		9658722.224368	10732
38	Ørsta	6		9084526.848003	10094
38	Ørsta	7		5731153.850613	6368
38	Ørsta	8		3697170.229008	4108
38	Ørsta	9		3911368.504204	4346
38	Ørsta	10		3491971.881341	3880
39	Gratangen	1		152066375.504817	168964
39	Gratangen	2		34960218.487322	38845
39	Gratangen	3		18706349.369504	20785
39	Gratangen	4		9904420.245916	11005
39	Gratangen	5		7300741.211711	8112
39	Gratangen	6		10192417.926851	11325
39	Gratangen	7		7826336.979417	8696
39	Gratangen	8		8164734.254516	9072
39	Gratangen	9		10779213.201757	11977
39	Gratangen	10		10706313.788770	11896
40	Bodø	1		771849984.767066	857618
40	Bodø	2		167492251.289689	186104
40	Bodø	3		88215489.656127	98018
40	Bodø	4		43958346.031061	48843
40	Bodø	5		32772336.104962	36414
40	Bodø	6		39705880.273493	44118
40	Bodø	7		23926307.336466	26585
40	Bodø	8		17500359.080585	19445
40	Bodø	9		18864748.094019	20961
40	Bodø	10		12039203.055849	13377
41	Haugesund	1		11327308.788287	12586
41	Haugesund	2		14211785.561404	15791
41	Haugesund	3		11293109.063676	12548
41	Haugesund	4		7226041.813218	8029
41	Haugesund	5		3003275.816504	3337
41	Haugesund	6		2542479.527007	2825
41	Haugesund	7		3445172.258189	3828
41	Haugesund	8		2206782.230167	2452
41	Haugesund	9		1620886.948014	1801
41	Haugesund	10		1997983.911489	2220
42	Luster	1		1479544886.187282	1643952
42	Luster	2		133253826.990730	148061
42	Luster	3		67196158.911573	74663
42	Luster	4		46293827.224901	51438
42	Luster	5		40589673.156865	45100
42	Luster	6		43071853.169431	47858
42	Luster	7		24078406.111711	26754
42	Luster	8		17736157.181851	19707
42	Luster	9		18516450.898637	20574
42	Luster	10		37155300.811705	41284
43	Bindal	1		763203754.389863	848011
43	Bindal	2		173589702.190652	192879
43	Bindal	3		63352289.863833	70392
43	Bindal	4		27841275.811688	30935
43	Bindal	5		20075238.346702	22306
43	Bindal	6		20800632.505559	23112
43	Bindal	7		25006298.639976	27785
43	Bindal	8		22040822.519089	24490
43	Bindal	9		22275720.627603	24751
43	Bindal	10		18707249.362257	20786
44	Saltdal	1		1139021828.165773	1265590
44	Saltdal	2		293567736.081038	326189
44	Saltdal	3		165454667.697101	183840
44	Saltdal	4		90464571.545685	100517
44	Saltdal	5		76916080.643159	85463
44	Saltdal	6		85743209.563843	95271
44	Saltdal	7		58718227.179024	65243
44	Saltdal	8		52009681.198724	57789
44	Saltdal	9		63611487.776675	70680
44	Saltdal	10		41395166.670732	45995
45	Haram	1		173634701.828297	192929
45	Haram	2		20185037.462559	22428
45	Haram	3		9728921.659096	10810
45	Haram	4		6954244.001835	7727
45	Haram	5		5406256.466808	6007
45	Haram	6		5106558.880085	5674
45	Haram	7		3744869.844913	4161
45	Haram	8		3014975.722292	3350
45	Haram	9		2919576.490482	3244
45	Haram	10		2739577.939898	3044
46	Masfjorden	1		320530618.965459	356148
46	Masfjorden	2		58353730.114090	64838
46	Masfjorden	3		28255272.478034	31395
46	Masfjorden	4		20148137.759689	22387
46	Masfjorden	5		18757648.956421	20842
46	Masfjorden	6		21283028.621127	23648
46	Masfjorden	7		14050686.858631	15612
46	Masfjorden	8		11309308.933228	12566
46	Masfjorden	9		12454099.714946	13838
46	Masfjorden	10		11856504.527005	13174
47	Elverum	1		1158895468.138156	1287672
47	Elverum	2		6247749.690791	6942
47	Elverum	3		989992.028215	1100
47	Elverum	4		492296.035849	547
47	Elverum	5		123299.007150	137
47	Elverum	6		26099.789835	29
47	Elverum	7		3599.971012	4
47	Elverum	8		3599.971012	4
47	Elverum	9		3599.971012	4
48	Fitjar	1		84450819.970643	93835
48	Fitjar	2		8132334.515411	9036
48	Fitjar	3		5781553.444777	6424
48	Fitjar	4		5234357.851000	5816
48	Fitjar	5		4429764.329887	4922
48	Fitjar	6		4617862.815248	5131
48	Fitjar	7		5351356.908880	5946
48	Fitjar	8		4963460.032370	5515
48	Fitjar	9		4787061.452797	5319
48	Fitjar	10		1727986.085612	1920
49	Tjeldsund	1		187802387.744601	208671
49	Tjeldsund	2		52526277.038903	58363
49	Tjeldsund	3		20925731.498216	23251
49	Tjeldsund	4		9204225.884142	10227
49	Tjeldsund	5		6824645.045414	7583
49	Tjeldsund	6		7297141.240699	8108
49	Tjeldsund	7		5315357.198763	5906
49	Tjeldsund	8		4157066.525752	4619
49	Tjeldsund	9		4724961.952846	5250
49	Tjeldsund	10		2501079.860373	2779
50	Kvam	1		388535871.360819	431710
50	Kvam	2		57155839.759947	63507
50	Kvam	3		28904167.252892	32116
50	Kvam	4		18552450.608754	20614
50	Kvam	5		12625098.338001	14028
50	Kvam	6		12592698.598896	13992
50	Kvam	7		12646698.164071	14052
50	Kvam	8		10973611.636388	12193
50	Kvam	9		14382784.184459	15981
50	Kvam	10		28106773.673801	31230
51	Evenes	1		169838532.396524	188711
51	Evenes	2		25365395.748393	28184
51	Evenes	3		12155302.120976	13506
51	Evenes	4		6775145.444004	7528
51	Evenes	5		3412772.519084	3792
51	Evenes	6		3399272.627790	3777
51	Evenes	7		2038483.585370	2265
51	Evenes	8		2141082.759204	2379
51	Evenes	9		3357872.961156	3731
51	Evenes	10		3250773.823558	3612
52	Bamble	1		270595421.063019	300664
53	Fjaler	1		232763325.701709	258628
53	Fjaler	2		32966734.539594	36630
53	Fjaler	3		19885339.875835	22095
53	Fjaler	4		18463351.326214	20515
53	Fjaler	5		16786664.827516	18652
53	Fjaler	6		19393943.832738	21549
53	Fjaler	7		13961587.576091	15513
53	Fjaler	8		10679314.006182	11866
53	Fjaler	9		13531391.040194	15035
53	Fjaler	10		14573582.648079	16193
54	Frogn	1		66049568.144348	73389
55	Båtsfjord	1		703548634.755999	781727
55	Båtsfjord	2		180745544.569036	200830
55	Båtsfjord	3		65260274.500033	72512
55	Båtsfjord	4		28512670.405370	31681
55	Båtsfjord	5		23406111.525276	26007
55	Båtsfjord	6		22380119.786942	24867
55	Båtsfjord	7		16720065.363800	18578
55	Båtsfjord	8		14247785.271521	15831
55	Båtsfjord	9		14135286.177406	15706
55	Båtsfjord	10		5377456.698715	5975
56	Ulstein	1		41801963.395054	46447
56	Ulstein	2		10774713.237992	11972
56	Ulstein	3		5934552.212774	6594
56	Ulstein	4		5414356.401585	6016
56	Ulstein	5		4996759.764228	5552
56	Ulstein	6		5842752.951976	6492
56	Ulstein	7		4034667.511354	4483
56	Ulstein	8		3207574.171418	3564
56	Ulstein	9		3527071.598705	3919
56	Ulstein	10		3632370.750797	4036
57	Bykle	1		618283321.345338	686987
57	Bykle	2		243980835.373975	271092
57	Bykle	3		108557125.857728	120620
57	Bykle	4		65888469.441574	73210
57	Bykle	5		55093056.370244	61215
57	Bykle	6		56875042.021035	63195
57	Bykle	7		37598997.238896	41777
57	Bykle	8		36816903.536605	40908
57	Bykle	9		42654256.532074	47394
57	Bykle	10		38300991.586177	42557
58	Skånland	1		315337660.781170	350378
58	Skånland	2		36897002.891615	40997
58	Skånland	3		16239469.233739	18044
58	Skånland	4		8947727.949559	9942
58	Skånland	5		7892936.443134	8770
58	Skånland	6		9527323.282441	10586
58	Skånland	7		6286449.379167	6985
58	Skånland	8		4851860.931008	5391
58	Skånland	9		5329757.082810	5922
58	Skånland	10		6715745.922311	7462
59	Målselv	1		1787337907.759390	1985947
59	Målselv	2		387778977.455622	430869
59	Målselv	3		215513164.606689	239461
59	Målselv	4		130729347.318777	145256
59	Målselv	5		98133409.793355	109038
59	Målselv	6		92989051.217638	103322
59	Målselv	7		89785077.017227	99762
59	Målselv	8		83923424.217429	93249
59	Målselv	9		93922343.702421	104359
59	Målselv	10		47015621.412746	52240
60	Hamarøy	1		710258080.728941	789182
60	Hamarøy	2		84233921.717188	93594
60	Hamarøy	3		31842643.591191	35381
60	Hamarøy	4		17256461.044542	19174
60	Hamarøy	5		13830188.634165	15367
60	Hamarøy	6		13386492.206974	14874
60	Hamarøy	7		8744329.587399	9716
60	Hamarøy	8		6337748.966083	7042
60	Hamarøy	9		6240549.748768	6934
60	Hamarøy	10		5177658.307566	5753
61	Hyllestad	1		157852428.913273	175393
61	Hyllestad	2		23778708.524987	26421
61	Hyllestad	3		14147886.075946	15720
61	Hyllestad	4		10968211.679871	12187
61	Hyllestad	5		7782237.334524	8647
61	Hyllestad	6		8244833.609527	9161
61	Hyllestad	7		7909136.312686	8788
61	Hyllestad	8		6430448.219634	7145
61	Hyllestad	9		7313341.110252	8126
61	Hyllestad	10		4664662.438400	5183
62	Sørfold	1		976628935.807613	1085152
62	Sørfold	2		173784100.625280	193095
62	Sørfold	3		77675674.526627	86307
62	Sørfold	4		31954242.692553	35505
62	Sørfold	5		24109905.858063	26789
62	Sørfold	6		25854091.813231	28727
62	Sørfold	7		16848764.327468	18721
62	Sørfold	8		13624090.293745	15138
62	Sørfold	9		16558066.668273	18398
62	Sørfold	10		12541399.011979	13935
63	Re	1		142992648.569982	158882
64	Sør-Odal	1		416943242.613659	463274
65	Forsand	1		424647180.578566	471834
65	Forsand	2		102182477.188763	113537
65	Forsand	3		48270211.310323	53634
65	Forsand	4		23082114.134223	25647
65	Forsand	5		17637157.979030	19597
65	Forsand	6		18881847.956324	20980
65	Forsand	7		12230901.512221	13590
65	Forsand	8		10227517.644215	11364
65	Forsand	9		12861796.432020	14291
65	Forsand	10		8290733.239926	9212
66	Randaberg	1		8332132.906560	9258
67	Meløy	1		470553110.926229	522841
67	Meløy	2		66969360.737836	74411
67	Meløy	3		24180105.292791	26867
67	Meløy	4		16828064.494150	18698
67	Meløy	5		9544423.144747	10605
67	Meløy	6		11779105.150254	13088
67	Meløy	7		6325149.067542	7028
67	Meløy	8		3828569.170935	4254
67	Meløy	9		4676362.344188	5196
67	Meløy	10		2857476.990531	3175
68	Nesseby	1		279462149.664685	310516
68	Nesseby	2		338053477.864610	375618
68	Nesseby	3		194115836.906262	215686
68	Nesseby	4		113188488.564277	125766
68	Nesseby	5		97702313.264704	108559
68	Nesseby	6		75316793.521212	83686
68	Nesseby	7		101003486.682432	112227
68	Nesseby	8		70875329.285529	78751
68	Nesseby	9		41362766.931627	45959
68	Nesseby	10		16378068.117689	18198
69	Vestre Slidre	1		214418773.419151	238245
69	Vestre Slidre	2		61798902.372285	68666
69	Vestre Slidre	3		32645437.126800	36273
69	Vestre Slidre	4		24211605.039143	26902
69	Vestre Slidre	5		16565266.610297	18406
69	Vestre Slidre	6		14125386.257123	15695
69	Vestre Slidre	7		16974763.312877	18861
69	Vestre Slidre	8		14231585.401968	15813
69	Vestre Slidre	9		12454999.707699	13839
69	Vestre Slidre	10		18052954.630881	20059
70	Lierne	1		1043813394.812319	1159802
70	Lierne	2		423919986.434215	471026
70	Lierne	3		257457326.856044	286066
70	Lierne	4		165604966.486837	184007
70	Lierne	5		134563316.446230	149516
70	Lierne	6		148569003.667010	165078
70	Lierne	7		139956973.014418	155509
70	Lierne	8		120682728.217880	134093
70	Lierne	9		121408122.376737	134899
70	Lierne	10		60133015.786622	66815
71	Dyrøy	1		159212317.962920	176904
71	Dyrøy	2		27435379.080119	30484
71	Dyrøy	3		12594498.584402	13994
71	Dyrøy	4		5919252.335974	6577
71	Dyrøy	5		4972459.959900	5525
71	Dyrøy	6		5822953.111412	6470
71	Dyrøy	7		3711570.113055	4124
71	Dyrøy	8		3576571.200116	3974
71	Dyrøy	9		4336165.083583	4818
71	Dyrøy	10		4121066.815635	4579
72	Sauherad	1		250751480.854114	278615
72	Sauherad	2		11594606.635905	12883
72	Sauherad	3		2893476.700647	3215
72	Sauherad	4		921592.578993	1024
72	Sauherad	5		865793.028312	962
72	Sauherad	6		600295.166200	667
72	Sauherad	7		594895.209682	661
72	Sauherad	8		233098.123007	259
72	Sauherad	9		129598.956421	144
72	Sauherad	10		40499.673882	45
73	Hornindal	1		112602593.282123	125115
73	Hornindal	2		15903771.936899	17671
73	Hornindal	3		8256533.515315	9174
73	Hornindal	4		4972459.959900	5525
73	Hornindal	5		4836561.054208	5374
73	Hornindal	6		5810353.212871	6456
73	Hornindal	7		2559579.389313	2844
73	Hornindal	8		1862984.998551	2070
73	Hornindal	9		1983584.027442	2204
73	Hornindal	10		3370472.859697	3745
74	Sogndal	1		471944499.722227	524387
74	Sogndal	2		41516665.692377	46130
74	Sogndal	3		20856432.056241	23174
74	Sogndal	4		14092086.525265	15658
74	Sogndal	5		11228309.585465	12476
74	Sogndal	6		12385700.265724	13762
74	Sogndal	7		8052235.160401	8947
74	Sogndal	8		5613254.799981	6237
74	Sogndal	9		6698646.060005	7443
74	Sogndal	10		21809524.381588	24233
75	Alvdal	1		474576078.531735	527311
75	Alvdal	2		105956146.801776	117730
75	Alvdal	3		69060043.902880	76734
75	Alvdal	4		54553960.711242	60616
75	Alvdal	5		49572500.823805	55081
75	Alvdal	6		52471377.480975	58302
75	Alvdal	7		26719884.841544	29689
75	Alvdal	8		18293252.695912	20326
75	Alvdal	9		18566850.492801	20630
75	Alvdal	10		25476994.849755	28308
76	Nord-Aurdal	1		506231523.629827	562484
76	Nord-Aurdal	2		110637909.102489	122932
76	Nord-Aurdal	3		49903698.156881	55449
76	Nord-Aurdal	4		36602705.261409	40670
76	Nord-Aurdal	5		33772228.053461	37525
76	Nord-Aurdal	6		32046941.946105	35608
76	Nord-Aurdal	7		35298615.762421	39221
76	Nord-Aurdal	8		23155013.547210	25728
76	Nord-Aurdal	9		20481135.078271	22757
76	Nord-Aurdal	10		10984411.549423	12205
77	Hemne	1		357629220.233148	397369
77	Hemne	2		66782162.245228	74203
77	Hemne	3		35531713.885429	39480
77	Hemne	4		29091365.745500	32324
77	Hemne	5		26227588.805695	29142
77	Hemne	6		31784144.062251	35316
77	Hemne	7		21772624.678718	24192
77	Hemne	8		15759773.096431	17511
77	Hemne	9		17549858.681996	19500
77	Hemne	10		14709481.553770	16344
78	Sør-Aurdal	1		817096220.426847	907892
78	Sør-Aurdal	2		73820105.573098	82023
78	Sør-Aurdal	3		39590681.201118	43990
78	Sør-Aurdal	4		25727192.835068	28586
78	Sør-Aurdal	5		17337460.392306	19264
78	Sør-Aurdal	6		17181761.646050	19091
78	Sør-Aurdal	7		22108321.975559	24565
78	Sør-Aurdal	8		22768016.663452	25298
78	Sør-Aurdal	9		28455970.861936	31618
78	Sør-Aurdal	10		20791632.578030	23102
79	Sauda	1		330541238.356073	367271
79	Sauda	2		53149072.023927	59055
79	Sauda	3		27344479.812074	30383
79	Sauda	4		17204261.464873	19116
79	Sauda	5		12530599.098944	13923
79	Sauda	6		12625098.338001	14028
79	Sauda	7		9820720.919894	10912
79	Sauda	8		8183634.102328	9093
79	Sauda	9		9548923.108511	10610
79	Sauda	10		25370795.704910	28190
80	Midsund	1		72613215.291426	80682
80	Midsund	2		4855460.902020	5395
80	Midsund	3		2496579.896608	2774
80	Midsund	4		1721686.136342	1913
80	Midsund	5		1354489.093149	1505
80	Midsund	6		1481388.071311	1646
80	Midsund	7		989092.035462	1099
80	Midsund	8		755093.919702	839
80	Midsund	9		764093.847232	849
80	Midsund	10		341997.246111	380
81	Rollag	1		354609744.547136	394014
81	Rollag	2		31749044.344887	35277
81	Rollag	3		12127402.345635	13475
81	Rollag	4		6038951.372113	6710
81	Rollag	5		3829469.163688	4255
81	Rollag	6		4301065.366219	4779
81	Rollag	7		4416264.438593	4907
81	Rollag	8		3111274.946855	3457
81	Rollag	9		3356072.975650	3729
81	Rollag	10		10265317.339838	11406
82	Trysil	1		2205009244.563287	2450030
82	Trysil	2		235273405.489574	261417
82	Trysil	3		118027749.596753	131143
82	Trysil	4		75357293.195093	83731
82	Trysil	5		45730431.761570	50812
82	Trysil	6		46310927.087206	51457
82	Trysil	7		56854342.187717	63172
82	Trysil	8		57286338.709121	63652
82	Trysil	9		61313806.278459	68127
82	Trysil	10		29906759.179650	33230
83	Øygarden	1		64488980.710776	71655
83	Øygarden	2		74699.398493	83
84	Kristiansund	1		72750914.182624	80835
84	Kristiansund	2		1333789.259832	1482
84	Kristiansund	3		746093.992173	829
84	Kristiansund	4		475196.173543	528
84	Kristiansund	5		344697.224370	383
84	Kristiansund	6		467996.231520	520
84	Kristiansund	7		390596.854769	434
84	Kristiansund	8		238498.079525	265
84	Kristiansund	9		297897.601218	331
84	Kristiansund	10		189898.470867	211
85	Grimstad	1		249552690.507239	277283
86	Volda	1		336968986.597354	374413
86	Volda	2		43523649.531399	48360
86	Volda	3		24298004.343424	26998
86	Volda	4		15910071.886169	17678
86	Volda	5		12825796.721903	14251
86	Volda	6		13129094.279638	14588
86	Volda	7		7679638.160691	8533
86	Volda	8		5003959.706252	5560
86	Volda	9		4482863.902310	4981
86	Volda	10		3647670.627597	4053
87	Etnedal	1		330174941.305639	366864
87	Etnedal	2		50744291.388112	56383
87	Etnedal	3		20213837.230653	22460
87	Etnedal	4		12312800.852737	13681
87	Etnedal	5		6985743.748188	7762
87	Etnedal	6		5207358.068412	5786
87	Etnedal	7		5701454.089767	6335
87	Etnedal	8		4870760.778819	5412
87	Etnedal	9		6417848.321093	7131
87	Etnedal	10		6667146.313653	7408
88	Karasjok	1		1237935531.687411	1375495
88	Karasjok	2		1511832126.202193	1679827
88	Karasjok	3		770645794.463673	856280
88	Karasjok	4		504405438.334173	560455
88	Karasjok	5		396359508.361862	440403
88	Karasjok	6		231452036.260719	257171
88	Karasjok	7		289239670.932296	321380
88	Karasjok	8		191477958.147484	212755
88	Karasjok	9		89448479.727633	99388
88	Karasjok	10		31805743.888321	35340
89	Åseral	1		279476549.548732	310532
89	Åseral	2		110022314.059489	122248
89	Åseral	3		77004279.932945	85561
89	Åseral	4		56455645.398172	62729
89	Åseral	5		37665596.702613	41851
89	Åseral	6		40130676.852873	44590
89	Åseral	7		40100977.092027	44557
89	Åseral	8		42188960.278812	46877
89	Åseral	9		52340878.531801	58157
89	Åseral	10		89799476.901274	99778
90	Sigdal	1		645013106.106755	716687
90	Sigdal	2		37436098.550617	41596
90	Sigdal	3		21119229.940095	23466
90	Sigdal	4		15545574.821235	17273
90	Sigdal	5		9262725.413082	10292
90	Sigdal	6		8027035.363319	8919
90	Sigdal	7		11270609.244853	12523
90	Sigdal	8		14088486.554254	15654
90	Sigdal	9		19743141.020873	21937
90	Sigdal	10		32505938.250096	36118
91	Aremark	1		265153164.886175	294617
92	Vågan	1		363201975.359165	403561
92	Vågan	2		40998269.866692	45554
92	Vågan	3		13642090.148804	15158
92	Vågan	4		6846244.871485	7607
92	Vågan	5		4664662.438400	5183
92	Vågan	6		4647562.576094	5164
92	Vågan	7		2672078.483428	2969
92	Vågan	8		1977284.078172	2197
92	Vågan	9		1994383.940477	2216
92	Vågan	10		1297789.549715	1442
93	Høylandet	1		399133286.026330	443485
93	Høylandet	2		106507842.359318	118343
93	Høylandet	3		50586792.656351	56208
93	Høylandet	4		25208797.009384	28010
93	Høylandet	5		19416443.651561	21574
93	Høylandet	6		23272012.605090	25858
93	Høylandet	7		16753365.095658	18615
93	Høylandet	8		13667289.945886	15186
93	Høylandet	9		15992871.219438	17770
93	Høylandet	10		13773489.090731	15304
94	Askøy	1		82824533.066108	92028
94	Askøy	2		2258081.817084	2509
94	Askøy	3		151198.782491	168
94	Askøy	4		42299.659387	47
95	Ålesund	1		74539199.782685	82822
95	Ålesund	2		2782777.592038	3092
95	Ålesund	3		773093.774761	859
95	Ålesund	4		311397.492511	346
95	Ålesund	5		84599.318775	94
95	Ålesund	6		110699.108610	123
95	Ålesund	7		158398.724514	176
95	Ålesund	8		27899.775341	31
95	Ålesund	10		4499.963765	5
96	Vestvågøy	1		237994083.581620	264440
96	Vestvågøy	2		61445205.220386	68273
96	Vestvågøy	3		22105621.997300	24562
96	Vestvågøy	4		13250593.301283	14723
96	Vestvågøy	5		9829720.847423	10922
96	Vestvågøy	6		10815212.911874	12017
96	Vestvågøy	7		5276657.510387	5863
96	Vestvågøy	8		4395564.605276	4884
96	Vestvågøy	9		5755453.654942	6395
96	Vestvågøy	10		7578838.972364	8421
97	Kragerø	1		280182143.867013	311316
98	Skaun	1		169043838.795705	187828
98	Skaun	2		9956619.825585	11063
98	Skaun	3		2045683.527394	2273
98	Skaun	4		1343689.180114	1493
98	Skaun	5		530995.724225	590
98	Skaun	6		259197.912842	288
98	Skaun	7		145798.825974	162
98	Skaun	8		88199.289786	98
98	Skaun	9		71999.420234	80
98	Skaun	10		66599.463716	74
99	Røyrvik	1		430246935.487170	478056
99	Røyrvik	2		254724048.865457	283029
99	Røyrvik	3		155393648.712324	172661
99	Røyrvik	4		84114222.681049	93461
99	Røyrvik	5		61341706.053799	68158
99	Røyrvik	6		73643706.993525	81827
99	Røyrvik	7		70417232.974290	78242
99	Røyrvik	8		63049892.298850	70056
99	Røyrvik	9		75913488.716401	84349
99	Røyrvik	10		52438077.749117	58265
100	Ås	1		59281622.642355	65869
101	Grue	1		717416623.085584	797136
102	Hægebostad	1		274484289.748342	304985
102	Hægebostad	2		43025953.539031	47807
102	Hægebostad	3		20682733.454926	22981
102	Hægebostad	4		12891496.192866	14324
102	Hægebostad	5		10268917.310850	11410
102	Hægebostad	6		11528007.172189	12809
102	Hægebostad	7		12475699.541016	13862
102	Hægebostad	8		11183309.947819	12426
102	Hægebostad	9		11127510.397138	12364
102	Hægebostad	10		22347720.047837	24831
103	Lurøy	1		194346235.051007	215942
103	Lurøy	2		17218661.348920	19132
103	Lurøy	3		7159442.349502	7955
103	Lurøy	4		3914968.475215	4350
103	Lurøy	5		2613578.954488	2904
103	Lurøy	6		2750377.852933	3056
103	Lurøy	7		1565087.397333	1739
103	Lurøy	8		892792.810900	992
103	Lurøy	9		821693.383419	913
103	Lurøy	10		515695.847425	573
104	Sortland	1		515912745.672876	573241
104	Sortland	2		68464248.700444	76072
104	Sortland	3		25602993.835165	28448
104	Sortland	4		13176793.895543	14641
104	Sortland	5		10018719.325537	11132
104	Sortland	6		11431707.947626	12702
104	Sortland	7		6560947.168808	7290
104	Sortland	8		4620562.793507	5134
104	Sortland	9		4722261.974587	5247
104	Sortland	10		2343581.128611	2604
105	Tana	1		864170341.367786	960197
105	Tana	2		871269484.202738	968085
105	Tana	3		528630543.264242	587372
105	Tana	4		288644775.722623	320719
105	Tana	5		239139774.356074	265713
105	Tana	6		186667496.883182	207410
105	Tana	7		215449265.121233	239390
105	Tana	8		166492359.341206	184993
105	Tana	9		129090460.515701	143435
105	Tana	10		50880190.293804	56534
106	Larvik	1		408008114.562772	453346
107	Nesna	1		118169948.451715	131301
107	Nesna	2		18029554.819305	20033
107	Nesna	3		7823637.001159	8693
107	Nesna	4		2806177.403614	3118
107	Nesna	5		1837785.201469	2042
107	Nesna	6		1761285.817470	1957
107	Nesna	7		1413888.614842	1571
107	Nesna	8		1228490.107740	1365
107	Nesna	9		1406688.672819	1563
107	Nesna	10		872992.970335	970
108	Hammerfest	1		300354581.430730	333730
108	Hammerfest	2		129859954.319452	144290
108	Hammerfest	3		82678734.240135	91866
108	Hammerfest	4		41095469.084008	45662
108	Hammerfest	5		33280832.010364	36979
108	Hammerfest	6		35860211.240246	39845
108	Hammerfest	7		27425479.159837	30473
108	Hammerfest	8		24423103.336081	27137
108	Hammerfest	9		28289472.202645	31433
108	Hammerfest	10		14829180.589909	16477
109	Lebesby	1		913432344.691050	1014933
109	Lebesby	2		640989238.508496	712216
109	Lebesby	3		324457287.346404	360511
109	Lebesby	4		178519862.491091	198357
109	Lebesby	5		170331728.425119	189259
109	Lebesby	6		156002943.806044	173338
109	Lebesby	7		103527066.361632	115031
109	Lebesby	8		88301888.960407	98114
109	Lebesby	9		93695545.528684	104107
109	Lebesby	10		37701596.412730	41891
110	Askim	1		34881019.125064	38757
111	Andebu	1		156075843.219030	173419
112	Herøy	1		46745623.586869	51940
112	Herøy	2		13597990.503911	15109
112	Herøy	3		7813737.080877	8682
112	Herøy	4		7087442.929268	7875
112	Herøy	5		5689754.183979	6322
112	Herøy	6		5980451.843173	6645
112	Herøy	7		7243141.675524	8048
112	Herøy	8		5679854.263697	6311
112	Herøy	9		5549355.314523	6166
112	Herøy	10		2869176.896319	3188
113	Norddal	1		587045472.884597	652278
113	Norddal	2		62647595.538293	69609
113	Norddal	3		28881667.434069	32091
113	Norddal	4		17011663.015747	18902
113	Norddal	5		13255993.257800	14729
113	Norddal	6		14007487.206491	15564
113	Norddal	7		8471631.783263	9413
113	Norddal	8		6710345.965793	7456
113	Norddal	9		6956943.980094	7730
113	Norddal	10		12122002.389117	13469
114	Nes	1		464101062.880620	515672
115	Aure	1		433277211.086217	481423
115	Aure	2		43300451.328673	48112
115	Aure	3		24499602.720079	27222
115	Aure	4		17514758.964632	19461
115	Aure	5		15838072.465935	17598
115	Aure	6		17729857.232581	19700
115	Aure	7		14019187.112279	15577
115	Aure	8		11564906.875058	12850
115	Aure	9		12671897.961153	14080
115	Aure	10		8923428.145230	9915
116	Rennebu	1		468721625.674058	520806
116	Rennebu	2		107585133.684569	119540
116	Rennebu	3		65976668.731361	73308
116	Rennebu	4		48368310.520392	53743
116	Rennebu	5		40510473.794607	45012
116	Rennebu	6		42864854.836258	47628
116	Rennebu	7		31769744.178204	35300
116	Rennebu	8		26553386.182253	29504
116	Rennebu	9		30012058.331742	33347
116	Rennebu	10		32725536.481810	36362
117	Os	1		117152056.648157	130170
117	Os	2		5044459.380133	5605
117	Os	3		2096083.121558	2329
117	Os	4		1297789.549715	1442
117	Os	5		1017891.803556	1131
117	Os	6		1078191.318002	1198
117	Os	7		906292.702193	1007
117	Os	8		822593.376172	914
117	Os	9		965692.223886	1073
117	Os	10		274497.789642	305
118	Åmot	1		1053162519.529545	1170190
118	Åmot	2		61671103.401370	68524
118	Åmot	3		38706888.317746	43008
118	Åmot	4		28633269.434262	31815
118	Åmot	5		8452731.935452	9392
118	Åmot	6		5736553.807131	6374
118	Åmot	7		15126178.198373	16807
118	Åmot	8		19062746.499662	21181
118	Åmot	9		18155553.804714	20173
118	Åmot	10		34314923.683475	38128
119	Enebakk	1		170233629.215051	189150
120	Iveland	1		249172893.565511	276861
120	Iveland	2		610195.086482	678
120	Iveland	3		138598.883950	154
120	Iveland	4		43199.652140	48
120	Iveland	5		3599.971012	4
121	Grong	1		654958026.026407	727737
121	Grong	2		109263620.168773	121405
121	Grong	3		61766502.633180	68630
121	Grong	4		41351067.025839	45946
121	Grong	5		35603713.305663	39560
121	Grong	6		41720064.054538	46356
121	Grong	7		35565013.617287	39517
121	Grong	8		32124341.322856	35694
121	Grong	9		37690796.499695	41879
121	Grong	10		32220640.547419	35801
122	Søndre Land	1		638185761.083182	709101
122	Søndre Land	2		394196.825780	438
122	Søndre Land	3		63899.485458	71
122	Søndre Land	4		40499.673882	45
122	Søndre Land	5		17099.862306	19
122	Søndre Land	6		8099.934776	9
122	Søndre Land	7		1799.985506	2
123	Ullensvang	1		864719336.947061	960807
123	Ullensvang	2		125871186.438490	139858
123	Ullensvang	3		59535420.598680	66151
123	Ullensvang	4		47276619.311094	52530
123	Ullensvang	5		36915002.746674	41017
123	Ullensvang	6		35057417.704637	38953
123	Ullensvang	7		24763300.596686	27515
123	Ullensvang	8		17045862.740358	18940
123	Ullensvang	9		17844156.312202	19827
123	Ullensvang	10		26213188.921648	29126
124	Jevnaker	1		180032750.308732	200038
124	Jevnaker	2		384296.905498	427
124	Jevnaker	3		65699.470963	73
124	Jevnaker	4		9899.920282	11
124	Jevnaker	5		1799.985506	2
125	Os	1		345095021.163375	383442
125	Os	2		153293065.627033	170327
125	Os	3		102685573.137648	114096
125	Os	4		79633158.764238	88482
125	Os	5		67033260.223294	74482
125	Os	6		60772010.641198	67525
125	Os	7		43381450.676437	48202
125	Os	8		42610156.887180	47345
125	Os	9		41195368.279583	45773
125	Os	10		53647668.009047	59609
126	Vefsn	1		1095731276.752331	1217489
126	Vefsn	2		291490552.807323	323881
126	Vefsn	3		119570337.175265	132857
126	Vefsn	4		48602308.636152	54003
126	Vefsn	5		34817119.639607	38686
126	Vefsn	6		36261608.008050	40291
126	Vefsn	7		45305635.182189	50340
126	Vefsn	8		41350167.033086	45945
126	Vefsn	9		45259735.551790	50289
126	Vefsn	10		28172473.144764	31303
127	Rauma	1		922407972.415818	1024906
127	Rauma	2		122574512.984528	136195
127	Rauma	3		58570628.367544	65079
127	Rauma	4		32354739.467605	35950
127	Rauma	5		27022282.406527	30025
127	Rauma	6		27979874.695639	31089
127	Rauma	7		18281552.790124	20313
127	Rauma	8		13604290.453181	15116
127	Rauma	9		13900388.068893	15445
127	Rauma	10		14659081.959607	16288
128	Vega	1		136833998.161821	152039
128	Vega	2		4707862.090540	5231
128	Vega	3		1316689.397526	1463
128	Vega	4		688494.455986	765
128	Vega	5		553495.543048	615
128	Vega	6		521995.796695	580
128	Vega	7		796493.586337	885
128	Vega	8		778493.731278	865
128	Vega	9		723594.173350	804
128	Vega	10		310497.499758	345
129	Snillfjord	1		271662812.467970	301850
129	Snillfjord	2		57239539.085969	63600
129	Snillfjord	3		29157965.209217	32398
129	Snillfjord	4		20338936.223309	22599
129	Snillfjord	5		18485851.145037	20540
129	Snillfjord	6		21056230.447390	23396
129	Snillfjord	7		17173661.711273	19082
129	Snillfjord	8		13742889.337131	15270
129	Snillfjord	9		14181185.807805	15757
129	Snillfjord	10		11856504.527005	13174
130	Nannestad	1		272731103.865674	303037
130	Nannestad	2		250197.985313	278
130	Nannestad	3		5399.956518	6
130	Nannestad	4		2699.978259	3
130	Nannestad	5		899.992753	1
131	Hol	1		599342073.867601	665941
131	Hol	2		176334680.087026	195929
131	Hol	3		138919281.370313	154356
131	Hol	4		132241335.143690	146936
131	Hol	5		92020659.015492	102246
131	Hol	6		91216965.487130	101353
131	Hol	7		96812220.432062	107570
131	Hol	8		89998375.299670	99999
131	Hol	9		97849012.083431	108722
131	Hol	10		150027891.919477	166699
132	Moss	1		45457733.957434	50509
133	Fræna	1		260980798.483685	289981
133	Fræna	2		11982503.512414	13314
133	Fræna	3		6691446.117982	7435
133	Fræna	4		4914860.423713	5461
133	Fræna	5		4091367.054788	4546
133	Fræna	6		3722370.026090	4136
133	Fræna	7		2729678.019615	3033
133	Fræna	8		2380480.831481	2645
133	Fræna	9		2252681.860566	2503
133	Fræna	10		2927676.425259	3253
134	Vadsø	1		376014272.189587	417797
134	Vadsø	2		186269700.086396	206968
134	Vadsø	3		130975945.333078	145530
134	Vadsø	4		115948766.337497	128833
134	Vadsø	5		80436852.292600	89375
134	Vadsø	6		58244830.990986	64717
134	Vadsø	7		92191657.638547	102436
134	Vadsø	8		54310062.675200	60345
134	Vadsø	9		27088881.870243	30099
134	Vadsø	10		15904671.929652	17672
135	Nes	1		418775627.858583	465310
135	Nes	2		108766824.169159	120853
135	Nes	3		61991500.821411	68880
135	Nes	4		44057345.233883	48953
135	Nes	5		25281696.422371	28091
135	Nes	6		16919863.754949	18800
135	Nes	7		22099322.048030	24555
135	Nes	8		23800308.351057	26445
135	Nes	9		31443046.808892	34937
135	Nes	10		31216248.635155	34685
136	Harstad	1		293673935.225882	326307
136	Harstad	2		40417774.541056	44909
136	Harstad	3		16692165.588459	18547
136	Harstad	4		8542731.210744	9492
136	Harstad	5		7275541.414629	8084
136	Harstad	6		9330224.869551	10367
136	Harstad	7		4451364.155957	4946
136	Harstad	8		3356972.968403	3730
136	Harstad	9		4376664.757465	4863
136	Harstad	10		2915076.526718	3239
137	Smøla	1		250163785.586464	277962
137	Smøla	2		58499.528940	65
138	Verran	1		171223621.243252	190250
138	Verran	2		83864924.688489	93184
138	Verran	3		66728162.680053	74143
138	Verran	4		43138452.633147	47932
138	Verran	5		30488154.498039	33876
138	Verran	6		39436782.440368	43819
138	Verran	7		29064365.962913	32294
138	Verran	8		28989666.564420	32211
138	Verran	9		37159800.775469	41289
138	Verran	10		28527970.282170	31698
139	Lørenskog	1		54275862.950588	60307
140	Hitra	1		437933773.589771	486597
140	Hitra	2		106725640.605526	118585
140	Hitra	3		36137409.008147	40153
140	Hitra	4		19033046.738816	21148
140	Hitra	5		9604722.659193	10672
140	Hitra	6		8177334.153057	9086
140	Hitra	7		3325473.222051	3695
140	Hitra	8		2433580.403904	2704
140	Hitra	9		2792677.512320	3103
140	Hitra	10		2143782.737462	2382
141	Rygge	1		38261391.905049	42513
142	Vennesla	1		359332006.521653	399261
142	Vennesla	2		10799.913035	12
143	Notodden	1		717884619.317097	797656
143	Notodden	2		35022317.987273	38914
143	Notodden	3		18277952.819112	20309
143	Notodden	4		12534199.069956	13927
143	Notodden	5		10080818.825489	11201
143	Notodden	6		9208725.847907	10232
143	Notodden	7		7973035.798144	8859
143	Notodden	8		7668838.247656	8521
143	Notodden	9		7958635.914097	8843
143	Notodden	10		17731657.218087	19702
144	Halden	1		532421312.739498	591584
145	Nordreisa	1		1548639129.822814	1720724
145	Nordreisa	2		493052029.756218	547840
145	Nordreisa	3		282811022.698262	314237
145	Nordreisa	4		184285216.066230	204763
145	Nordreisa	5		150140391.013590	166824
145	Nordreisa	6		132731831.194034	147481
145	Nordreisa	7		128965361.523045	143296
145	Nordreisa	8		114635676.910980	127374
145	Nordreisa	9		88785185.068728	98651
145	Nordreisa	10		31644645.185547	35161
146	Lenvik	1		507552712.991098	563952
146	Lenvik	2		108384327.249166	120428
146	Lenvik	3		56984841.136891	63317
146	Lenvik	4		28193172.978082	31326
146	Lenvik	5		17287060.798142	19208
146	Lenvik	6		18368852.087157	20410
146	Lenvik	7		15924471.770216	17694
146	Lenvik	8		14099286.467289	15666
146	Lenvik	9		17119662.146098	19022
146	Lenvik	10		12750197.330658	14167
147	Stord	1		102906971.354867	114342
147	Stord	2		8905428.290172	9895
147	Stord	3		4673662.365929	5193
147	Stord	4		3174274.439559	3527
147	Stord	5		2300381.476471	2556
147	Stord	6		2555979.418301	2840
147	Stord	7		2261681.788095	2513
147	Stord	8		2059183.418688	2288
147	Stord	9		2673878.468934	2971
147	Stord	10		838793.245724	932
148	Lillesand	1		170554026.635087	189506
149	Rendalen	1		1440100003.807533	1600124
149	Rendalen	2		440502352.906575	489451
149	Rendalen	3		239943467.884422	266606
149	Rendalen	4		193114144.972274	214573
149	Rendalen	5		187779887.925778	208646
149	Rendalen	6		150786585.810180	167542
149	Rendalen	7		123196407.976798	136886
149	Rendalen	8		112818591.542825	125355
149	Rendalen	9		88799584.952775	98667
149	Rendalen	10		83080131.007939	92312
150	Eidskog	1		568596521.442702	631779
151	Finnøy	1		94617138.107679	105131
151	Finnøy	2		72899.412987	81
151	Finnøy	3		36899.702870	41
151	Finnøy	4		30599.753599	34
151	Finnøy	5		11699.905788	13
151	Finnøy	6		1799.985506	2
151	Finnøy	7		4499.963765	5
151	Finnøy	9		3599.971012	4
152	Åfjord	1		330430539.247465	367148
152	Åfjord	2		113257788.006253	125843
152	Åfjord	3		76445384.433379	84940
152	Åfjord	4		52038480.966818	57821
152	Åfjord	5		50455393.714424	56062
152	Åfjord	6		64047984.261843	71165
152	Åfjord	7		49265603.295057	54740
152	Åfjord	8		47096620.760509	52330
152	Åfjord	9		55009357.044222	61122
152	Åfjord	10		35925910.711210	39918
153	Ballangen	1		553088746.317315	614548
153	Ballangen	2		82758833.595145	91955
153	Ballangen	3		36302107.681932	40336
153	Ballangen	4		19580242.332594	21756
153	Ballangen	5		13906688.018163	15452
153	Ballangen	6		15604074.350175	17338
153	Ballangen	7		12105802.519565	13451
153	Ballangen	8		11089710.701515	12322
153	Ballangen	9		14031787.010819	15591
153	Ballangen	10		10086218.782006	11207
154	Måsøy	1		337496382.350559	374999
154	Måsøy	2		233533719.498199	259484
154	Måsøy	3		128493765.320512	142772
154	Måsøy	4		67624555.461966	75139
154	Måsøy	5		58663327.621096	65182
154	Måsøy	6		66056768.086371	73397
154	Måsøy	7		41261067.750546	45846
154	Måsøy	8		32487038.402285	36097
154	Måsøy	9		36589205.370115	40655
154	Måsøy	10		18512850.927625	20570
155	Gran	1		569261616.087102	632518
155	Gran	2		16577866.508838	18420
155	Gran	3		2435380.389410	2706
155	Gran	4		833393.289207	926
155	Gran	5		298797.593970	332
155	Gran	6		178198.565079	198
155	Gran	7		180898.543338	201
155	Gran	8		120599.028892	134
155	Gran	9		39599.681129	44
155	Gran	10		9899.920282	11
156	Tromsø	1		1269297579.152208	1410342
156	Tromsø	2		334179009.063334	371313
156	Tromsø	3		178524362.454855	198362
156	Tromsø	4		74479800.260992	82756
156	Tromsø	5		48689607.933186	54100
156	Tromsø	6		51912481.981409	57681
156	Tromsø	7		42936854.256492	47708
156	Tromsø	8		41754263.779149	46394
156	Tromsø	9		52553276.821491	58393
156	Tromsø	10		27860175.659500	30956
157	Sveio	1		91029766.994522	101145
157	Sveio	2		46261427.485795	51402
157	Sveio	3		24832600.038661	27592
157	Sveio	4		21768124.714953	24187
157	Sveio	5		12498199.359839	13887
157	Sveio	6		7154042.392984	7949
157	Sveio	7		6438548.154411	7154
157	Sveio	8		3788969.489806	4210
157	Sveio	9		2277881.657648	2531
157	Sveio	10		3194974.272877	3550
158	Nore og Uvdal	1		712310964.198328	791463
158	Nore og Uvdal	2		300036883.988953	333377
158	Nore og Uvdal	3		199756991.481500	221954
158	Nore og Uvdal	4		234790109.381261	260880
158	Nore og Uvdal	5		158238525.804271	175822
158	Nore og Uvdal	6		126325682.778717	140363
158	Nore og Uvdal	7		165767865.175114	184188
158	Nore og Uvdal	8		153255265.931411	170285
158	Nore og Uvdal	9		136506400.799762	151675
158	Nore og Uvdal	10		127400274.125709	141557
159	Sarpsborg	1		283678615.712067	315201
160	Marker	1		332478022.760335	369423
161	Tjøme	1		32157641.054714	35731
162	Kviteseid	1		579878830.593177	644315
162	Kviteseid	2		17233961.225719	19149
162	Kviteseid	3		7613038.696975	8459
162	Kviteseid	4		5238857.814765	5821
162	Kviteseid	5		3552271.395787	3947
162	Kviteseid	6		2697278.280510	2997
162	Kviteseid	7		2717078.121075	3019
162	Kviteseid	8		2410180.592328	2678
162	Kviteseid	9		3167074.497536	3519
162	Kviteseid	10		3411872.526331	3791
163	Midtre Gauldal	1		719243608.373991	799166
163	Midtre Gauldal	2		215490664.787867	239436
163	Midtre Gauldal	3		137085096.139883	152318
163	Midtre Gauldal	4		120624228.688940	134028
163	Midtre Gauldal	5		116144964.757635	129051
163	Midtre Gauldal	6		127559572.842977	141734
163	Midtre Gauldal	7		95770928.816928	106413
163	Midtre Gauldal	8		78258869.830522	86955
163	Midtre Gauldal	9		81152346.531175	90170
163	Midtre Gauldal	10		78316469.366709	87019
164	Herøy	1		56036248.775309	62263
164	Herøy	2		5399.956518	6
164	Herøy	3		2699.978259	3
165	Øyer	1		177190573.195043	196880
165	Øyer	2		70014036.220980	77794
165	Øyer	3		65361073.688360	72624
165	Øyer	4		52673875.850383	58527
165	Øyer	5		32913634.967171	36571
165	Øyer	6		34162824.908230	37959
165	Øyer	7		45011337.551983	50013
165	Øyer	8		37533297.767933	41704
165	Øyer	9		40042477.563087	44492
165	Øyer	10		36531605.833928	40591
166	Råde	1		67931452.990713	75480
167	Årdal	1		565805643.915929	628678
167	Årdal	2		76907980.708382	85454
167	Årdal	3		40676972.453898	45197
167	Årdal	4		34042225.879338	37825
167	Årdal	5		32705736.641246	36340
167	Årdal	6		34912518.871417	38792
167	Årdal	7		21616925.932462	24019
167	Årdal	8		17935055.580248	19928
167	Årdal	9		20075238.346702	22306
167	Årdal	10		20473935.136248	22749
168	Trondheim	1		207748027.134585	230833
168	Trondheim	2		10914212.114695	12127
168	Trondheim	3		4705162.112282	5228
168	Trondheim	4		2547879.483525	2831
168	Trondheim	5		956692.296357	1063
168	Trondheim	6		647094.789352	719
168	Trondheim	7		687594.463233	764
168	Trondheim	8		845093.194995	939
168	Trondheim	9		1570487.353851	1745
168	Trondheim	10		997191.970239	1108
169	Grane	1		1054456709.108229	1171628
169	Grane	2		265049665.719590	294502
169	Grane	3		135533508.633867	150594
169	Grane	4		66936061.005978	74374
169	Grane	5		41522065.648895	46136
169	Grane	6		47423318.129821	52693
169	Grane	7		56456545.390925	62730
169	Grane	8		51847682.503198	57609
169	Grane	9		60478613.003745	67199
169	Grane	10		49654400.164321	55172
170	Rindal	1		270696220.251345	300776
170	Rindal	2		74800197.681033	83112
170	Rindal	3		44896138.479609	49885
170	Rindal	4		33530130.002924	37256
170	Rindal	5		29272264.288838	32525
170	Rindal	6		35862911.218505	39848
170	Rindal	7		21620525.903474	24023
170	Rindal	8		16863164.211514	18737
170	Rindal	9		19765640.839696	21962
170	Rindal	10		30398155.222747	33776
171	Røst	1		194398.434631	216
171	Røst	2		82799.333269	92
171	Røst	3		34199.724611	38
171	Røst	4		64799.478210	72
171	Røst	5		10799.913035	12
171	Røst	6		50399.594164	56
171	Røst	7		47699.615905	53
171	Røst	8		33299.731858	37
171	Røst	9		6299.949270	7
171	Røst	10		899.992753	1
172	Modum	1		421440506.399949	468271
172	Modum	2		11699.905788	13
173	Oppegård	1		26827883.971895	29809
174	Ullensaker	1		147149715.095672	163501
175	Kvæfjord	1		314107370.687943	349011
175	Kvæfjord	2		63795086.298272	70884
175	Kvæfjord	3		27311180.080216	30346
175	Kvæfjord	4		14785080.945016	16428
175	Kvæfjord	5		12670097.975647	14078
175	Kvæfjord	6		16729965.284082	18589
175	Kvæfjord	7		9092626.782780	10103
175	Kvæfjord	8		5486355.821818	6096
175	Kvæfjord	9		6743645.697651	7493
175	Kvæfjord	10		4395564.605276	4884
176	Seljord	1		456862421.168967	507629
176	Seljord	2		56712143.332755	63014
176	Seljord	3		29173265.086017	32415
176	Seljord	4		19748540.977391	21943
176	Seljord	5		14070486.699195	15634
176	Seljord	6		14623982.242243	16249
176	Seljord	7		12988695.410182	14432
176	Seljord	8		13131794.257897	14591
176	Seljord	9		16603966.298673	18449
176	Seljord	10		38036393.716818	42263
177	Halsa	1		182091033.734636	202325
177	Halsa	2		22731116.960583	25257
177	Halsa	3		12470299.584499	13856
177	Halsa	4		11270609.244853	12523
177	Halsa	5		9754121.456178	10838
177	Halsa	6		10511015.361386	11679
177	Halsa	7		8111634.682094	9013
177	Halsa	8		6592446.915160	7325
177	Halsa	9		7053243.204657	7837
177	Halsa	10		7247641.639288	8053
178	Træna	1		14649182.039324	16277
178	Træna	2		17099.862306	19
178	Træna	3		13499.891294	15
178	Træna	4		9899.920282	11
178	Træna	5		2699.978259	3
178	Træna	6		1799.985506	2
178	Træna	7		1799.985506	2
178	Træna	8		2699.978259	3
178	Træna	9		1799.985506	2
179	Hemsedal	1		434191603.723173	482439
179	Hemsedal	2		68335549.736776	75929
179	Hemsedal	3		36077109.493701	40086
179	Hemsedal	4		26229388.791200	29144
179	Hemsedal	5		20431635.476860	22702
179	Hemsedal	6		19429943.542855	21589
179	Hemsedal	7		18584850.347859	20650
179	Hemsedal	8		20682733.454926	22981
179	Hemsedal	9		28001474.521709	31113
179	Hemsedal	10		41368166.888144	45965
180	Sørreisa	1		214938069.237580	238822
180	Sørreisa	2		41305167.395440	45895
180	Sørreisa	3		19021346.833028	21135
180	Sørreisa	4		10574014.854090	11749
180	Sørreisa	5		6817445.103391	7575
180	Sørreisa	6		7125242.624891	7917
180	Sørreisa	7		6710345.965793	7456
180	Sørreisa	8		5620454.742004	6245
180	Sørreisa	9		6721145.878828	7468
180	Sørreisa	10		7843436.841723	8715
181	Berlevåg	1		349830783.029186	388704
181	Berlevåg	2		185904303.028714	206562
181	Berlevåg	3		89954275.654777	99950
181	Berlevåg	4		32563537.786283	36182
181	Berlevåg	5		30508854.331357	33899
181	Berlevåg	6		27771976.369713	30858
181	Berlevåg	7		20629633.882504	22922
181	Berlevåg	8		19223845.202436	21360
181	Berlevåg	9		18576750.413083	20641
181	Berlevåg	10		7709337.921537	8566
182	Fedje	1		8662430.246883	9625
183	Froland	1		598003784.644025	664454
183	Froland	2		5549355.314523	6166
183	Froland	3		1250089.933810	1389
183	Froland	4		665994.637163	740
183	Froland	5		454496.340226	505
183	Froland	6		557995.506812	620
183	Froland	7		251097.978066	279
183	Froland	8		25199.797082	28
183	Froland	9		5399.956518	6
183	Froland	10		1799.985506	2
184	Meldal	1		376670366.906458	418526
184	Meldal	2		61654003.539064	68505
184	Meldal	3		31803043.910062	35337
184	Meldal	4		21402727.657266	23781
184	Meldal	5		15631974.125516	17369
184	Meldal	6		15791272.842783	17546
184	Meldal	7		11729605.548843	13033
184	Meldal	8		8891028.406125	9879
184	Meldal	9		9908920.209681	11010
184	Meldal	10		13866188.344282	15407
185	Gjerdrum	1		54069764.610169	60078
186	Våler	1		633494998.855017	703889
186	Våler	2		314097.470770	349
186	Våler	3		899.992753	1
187	Stavanger	1		34655120.944080	38506
188	Stryn	1		750080060.066935	833429
188	Stryn	2		55619552.130705	61800
188	Stryn	3		28082473.869472	31203
188	Stryn	4		18421051.666827	20468
188	Stryn	5		14281085.003379	15868
188	Stryn	6		15752573.154408	17503
188	Stryn	7		9106126.674074	10118
188	Stryn	8		6236949.777756	6930
188	Stryn	9		7237741.719006	8042
188	Stryn	10		10094318.716783	11216
189	Hobøl	1		108599425.517115	120667
190	Sula	1		37019401.906013	41133
190	Sula	2		3946468.221568	4385
190	Sula	3		2165382.563533	2406
190	Sula	4		2159082.614262	2399
190	Sula	5		1624486.919026	1805
190	Sula	6		1699186.317519	1888
190	Sula	7		1161890.644024	1291
190	Sula	8		971092.180404	1079
190	Sula	9		1129490.904918	1255
190	Sula	10		967492.209392	1075
191	Skodje	1		93901643.869104	104336
191	Skodje	2		2834977.171707	3150
191	Skodje	3		2060083.411441	2289
191	Skodje	4		1520987.752440	1690
191	Skodje	5		1255489.890328	1395
191	Skodje	6		1403088.701807	1559
191	Skodje	7		895492.789158	995
191	Skodje	8		722694.180597	803
191	Skodje	9		818093.412407	909
191	Skodje	10		741594.028409	824
192	Fyresdal	1		825963849.021266	917745
192	Fyresdal	2		117336555.162507	130375
192	Fyresdal	3		52058280.807382	57843
192	Fyresdal	4		32325939.699511	35918
192	Fyresdal	5		21587226.171615	23986
192	Fyresdal	6		18419251.681321	20466
192	Fyresdal	7		20035638.665574	22262
192	Fyresdal	8		14991179.285435	16657
192	Fyresdal	9		11955503.729827	13284
192	Fyresdal	10		11728705.556090	13032
193	Gjemnes	1		251646973.643259	279610
193	Gjemnes	2		27074481.986197	30083
193	Gjemnes	3		15289976.879405	16989
193	Gjemnes	4		11869104.425546	13188
193	Gjemnes	5		10004319.441490	11116
193	Gjemnes	6		10664014.129383	11849
193	Gjemnes	7		6915544.313460	7684
193	Gjemnes	8		4953560.112088	5504
193	Gjemnes	9		5400856.510291	6001
193	Gjemnes	10		6200950.067639	6890
194	Kåfjord	1		693415616.350989	770468
194	Kåfjord	2		60487612.931274	67209
194	Kåfjord	3		23261212.692055	25846
194	Kåfjord	4		9602022.680934	10669
194	Kåfjord	5		6876844.625084	7641
194	Kåfjord	6		6264849.553097	6961
194	Kåfjord	7		5426056.307373	6029
194	Kåfjord	8		4304665.337231	4783
194	Kåfjord	9		4339765.054595	4822
194	Kåfjord	10		1743285.962412	1937
195	Namdalseid	1		407159421.396778	452403
195	Namdalseid	2		82747133.689357	91942
195	Namdalseid	3		43994345.741178	48883
195	Namdalseid	4		30123657.433105	33471
195	Namdalseid	5		26802684.174813	29781
195	Namdalseid	6		34612821.284693	38459
195	Namdalseid	7		24684101.234429	27427
195	Namdalseid	8		20979731.063391	23311
195	Namdalseid	9		26362587.718633	29292
195	Namdalseid	10		21508026.809358	23898
196	Bømlo	1		195927522.317869	217699
196	Bømlo	2		14045286.902113	15606
196	Bømlo	3		8272733.384867	9192
196	Bømlo	4		6139750.560440	6822
196	Bømlo	5		1797285.527587	1997
196	Bømlo	6		1165490.615035	1295
196	Bømlo	7		800093.557349	889
196	Bømlo	8		178198.565079	198
196	Bømlo	9		65699.470963	73
196	Bømlo	10		21599.826070	24
197	Tingvoll	1		237118390.633039	263467
197	Tingvoll	2		21077830.273460	23420
197	Tingvoll	3		9331124.862304	10368
197	Tingvoll	4		6965943.907623	7740
197	Tingvoll	5		6091150.951782	6768
197	Tingvoll	6		6854344.806261	7616
197	Tingvoll	7		4509863.684897	5011
197	Tingvoll	8		3632370.750797	4036
197	Tingvoll	9		4448664.177699	4943
197	Tingvoll	10		4982359.880182	5536
198	Roan	1		116570661.329768	129524
198	Roan	2		44870938.682527	49857
198	Roan	3		31713944.627523	35238
198	Roan	4		20635033.839021	22928
198	Roan	5		19460543.296455	21623
198	Roan	6		26632585.544511	29592
198	Roan	7		17403159.863269	19337
198	Roan	8		16855964.269491	18729
198	Roan	9		24098205.952275	26776
198	Roan	10		24151305.524698	26835
199	Porsanger	1		1529527783.712246	1699489
199	Porsanger	2		754384725.404101	838212
199	Porsanger	3		461200386.237992	512449
199	Porsanger	4		347293703.458733	385885
199	Porsanger	5		310365200.821344	344853
199	Porsanger	6		246118318.162135	273467
199	Porsanger	7		252836764.062606	280932
199	Porsanger	8		238750077.494064	265280
199	Porsanger	9		185149209.109023	205723
199	Porsanger	10		95105834.172517	105674
200	Tynset	1		657961301.842866	731074
200	Tynset	2		215453765.084997	239395
200	Tynset	3		175198889.232854	194667
200	Tynset	4		139321578.130863	154803
200	Tynset	5		120819527.116325	134245
200	Tynset	6		131671639.731089	146303
200	Tynset	7		81536643.436673	90597
200	Tynset	8		71453124.632907	79393
200	Tynset	9		76357185.143593	84842
200	Tynset	10		110658608.935806	122955
201	Lærdal	1		918681102.426019	1020765
201	Lærdal	2		99994594.806403	111106
201	Lærdal	3		49545501.041217	55051
201	Lærdal	4		36082509.450218	40092
201	Lærdal	5		30196556.846092	33552
201	Lærdal	6		31032650.113559	34481
201	Lærdal	7		22397219.649248	24886
201	Lærdal	8		19079846.361968	21200
201	Lærdal	9		20877131.889558	23197
201	Lærdal	10		23465511.046969	26073
202	Nordre Land	1		749842461.980166	833165
202	Nordre Land	2		47814814.977343	53128
202	Nordre Land	3		26340087.899810	29267
202	Nordre Land	4		16493267.190063	18326
202	Nordre Land	5		9591222.767899	10657
202	Nordre Land	6		7810137.109865	8678
202	Nordre Land	7		9796421.115565	10885
202	Nordre Land	8		9860320.601023	10956
202	Nordre Land	9		11575706.788093	12862
202	Nordre Land	10		14085786.575995	15651
203	Utsira	1		2679278.425452	2977
203	Utsira	2		1665886.585660	1851
203	Utsira	3		680394.521210	756
203	Utsira	4		276297.775147	307
203	Utsira	5		53099.572422	59
203	Utsira	6		26099.789835	29
203	Utsira	7		39599.681129	44
203	Utsira	8		15299.876800	17
203	Utsira	9		6299.949270	7
204	Moskenes	1		78896064.699593	87663
204	Moskenes	2		11605406.548940	12895
204	Moskenes	3		5643854.553580	6271
204	Moskenes	4		2769277.700744	3077
204	Moskenes	5		1833285.237704	2037
204	Moskenes	6		1511987.824911	1680
204	Moskenes	7		718194.216833	798
204	Moskenes	8		508495.905401	565
204	Moskenes	9		434696.499662	483
204	Moskenes	10		537295.673495	597
205	Vardø	1		75836089.339649	84263
205	Vardø	2		129240759.305440	143602
205	Vardø	3		88158790.112692	97955
205	Vardø	4		95504530.962063	106117
205	Vardø	5		66221466.760156	73580
205	Vardø	6		39666280.592364	44074
205	Vardø	7		23881307.698820	26535
205	Vardø	8		14967779.473859	16631
205	Vardø	9		16116170.226588	17907
205	Vardø	10		16263769.038068	18071
206	Gjerstad	1		310469599.980682	344969
207	Osen	1		141845157.810022	157607
207	Osen	2		54819458.573355	60911
207	Osen	3		31150549.164192	34612
207	Osen	4		18353552.210358	20393
207	Osen	5		17177261.682285	19086
207	Osen	6		23705809.112000	26340
207	Osen	7		17872056.087543	19858
207	Osen	8		16544566.776980	18383
207	Osen	9		20847432.128711	23164
207	Osen	10		14370184.285918	15967
208	Skjåk	1		1236554942.804265	1373961
208	Skjåk	2		117283455.590084	130316
208	Skjåk	3		61157207.539450	67953
208	Skjåk	4		46967021.804088	52186
208	Skjåk	5		44097844.907765	48998
208	Skjåk	6		44502841.646581	49448
208	Skjåk	7		33606629.386923	37341
208	Skjåk	8		31315247.837977	34795
208	Skjåk	9		35102417.342284	39003
208	Skjåk	10		16031570.907814	17813
209	Oppdal	1		1187963434.075483	1319970
209	Oppdal	2		213823878.209478	237584
209	Oppdal	3		130156951.927917	144620
209	Oppdal	4		99156701.553430	110175
209	Oppdal	5		82689534.153170	91878
209	Oppdal	6		84745117.600849	94162
209	Oppdal	7		67966552.708077	75519
209	Oppdal	8		61190507.271308	67990
209	Oppdal	9		70873529.300023	78749
209	Oppdal	10		88878784.315032	98755
210	Porsgrunn	1		139818374.130469	155355
211	Malvik	1		145274130.198608	161417
211	Malvik	2		1034991.665861	1150
211	Malvik	3		421196.608368	468
211	Malvik	4		281697.731665	313
211	Malvik	5		58499.528940	65
211	Malvik	6		30599.753599	34
211	Malvik	7		20699.833317	23
211	Malvik	8		1799.985506	2
211	Malvik	9		2699.978259	3
211	Malvik	10		1799.985506	2
212	Karlsøy	1		379253346.107308	421396
212	Karlsøy	2		194708932.130430	216345
212	Karlsøy	3		122897610.382828	136554
212	Karlsøy	4		59248322.910497	65832
212	Karlsøy	5		39140684.824656	43490
212	Karlsøy	6		40836271.171166	45374
212	Karlsøy	7		40443874.330891	44938
212	Karlsøy	8		41894662.648605	46550
212	Karlsøy	9		51864782.365504	57628
212	Karlsøy	10		32425838.895086	36029
213	Strand	1		161424500.149572	179362
213	Strand	2		12515299.222145	13906
213	Strand	3		6464647.944245	7183
213	Strand	4		2905176.606435	3228
213	Strand	5		1763085.802976	1959
213	Strand	6		1694686.353754	1883
213	Strand	7		1295089.571456	1439
213	Strand	8		980092.107933	1089
213	Strand	9		1019691.789062	1133
213	Strand	10		473396.188037	526
214	Sokndal	1		196244319.766894	218051
214	Sokndal	2		26935883.102246	29929
214	Sokndal	3		10865612.506037	12073
214	Sokndal	4		7025343.429316	7806
214	Sokndal	5		4840161.025220	5378
214	Sokndal	6		3955468.149097	4395
214	Sokndal	7		3042875.497633	3381
214	Sokndal	8		2176182.476568	2418
214	Sokndal	9		1737886.005894	1931
214	Sokndal	10		1412988.622089	1570
215	Sund	1		75256494.006766	83619
215	Sund	2		11463207.693978	12737
215	Sund	3		2785477.570297	3095
215	Sund	4		1844985.143492	2050
215	Sund	5		946792.376075	1052
215	Sund	6		413996.666345	460
215	Sund	7		202498.369408	225
215	Sund	8		60299.514446	67
215	Sund	9		6299.949270	7
216	Nesodden	1		50329394.729014	55922
217	Gamvik	1		378640451.042577	420715
217	Gamvik	2		243084442.592077	270096
217	Gamvik	3		115609469.069644	128456
217	Gamvik	4		41066669.315915	45630
217	Gamvik	5		39769779.758950	44189
217	Gamvik	6		42392358.640973	47103
217	Gamvik	7		25588593.951118	28432
217	Gamvik	8		22371119.859413	24857
217	Gamvik	9		29053566.049878	32282
217	Gamvik	10		13091294.584015	14546
218	Førde	1		344577525.330452	382867
218	Førde	2		44124844.690352	49028
218	Førde	3		23335012.097795	25928
218	Førde	4		14768881.075463	16410
218	Førde	5		12650298.135083	14056
218	Førde	6		14492583.300316	16103
218	Førde	7		9777521.267754	10864
218	Førde	8		6281049.422649	6979
218	Førde	9		6586146.965890	7318
218	Førde	10		13518791.141654	15021
219	Aurskog-Høland	1		797811175.717498	886464
220	Gildeskål	1		342776639.831880	380866
220	Gildeskål	2		81747241.740858	90831
220	Gildeskål	3		35054717.726379	38950
220	Gildeskål	4		23960507.061078	26623
220	Gildeskål	5		23255812.735538	25840
220	Gildeskål	6		26010690.552240	28901
220	Gildeskål	7		13091294.584015	14546
220	Gildeskål	8		8837028.840950	9819
220	Gildeskål	9		9634422.420039	10705
220	Gildeskål	10		5649254.510097	6277
221	Loppa	1		349080189.073259	387870
221	Loppa	2		66055868.093618	73396
221	Loppa	3		34207824.545877	38009
221	Loppa	4		17971055.290365	19968
221	Loppa	5		14413383.938059	16015
221	Loppa	6		14119986.300606	15689
221	Loppa	7		11877204.360323	13197
221	Loppa	8		10103318.644312	11226
221	Loppa	9		10844012.679967	12049
221	Loppa	10		5099358.938062	5666
222	Kvinnherad	1		737085064.707672	818990
222	Kvinnherad	2		56500645.035818	62779
222	Kvinnherad	3		24923499.306707	27693
222	Kvinnherad	4		15035278.930328	16706
222	Kvinnherad	5		11519907.237412	12800
222	Kvinnherad	6		11543307.048988	12826
222	Kvinnherad	7		13297392.924435	14775
222	Kvinnherad	8		13102994.489803	14559
222	Kvinnherad	9		15876772.154311	17641
222	Kvinnherad	10		23469111.017981	26077
223	Lindesnes	1		291121555.778630	323471
224	Molde	1		277861962.550012	308738
224	Molde	2		15307976.734464	17009
224	Molde	3		9670422.130156	10745
224	Molde	4		7517639.465165	8353
224	Molde	5		5582655.046381	6203
224	Molde	6		6590646.929655	7323
224	Molde	7		4055367.344671	4506
224	Molde	8		2573079.280607	2859
224	Molde	9		2793577.505073	3104
224	Molde	10		2194182.331626	2438
225	Nittedal	1		158021627.550820	175581
226	Eidsvoll	1		332837119.868746	369822
226	Eidsvoll	2		61199.507199	68
226	Eidsvoll	3		4499.963765	5
227	Vanylven	1		181567237.952443	201743
227	Vanylven	2		31885843.243331	35429
227	Vanylven	3		21231729.034210	23591
227	Vanylven	4		18605550.181176	20673
227	Vanylven	5		16653465.900083	18504
227	Vanylven	6		18274352.848100	20305
227	Vanylven	7		15100978.401292	16779
227	Vanylven	8		12644898.178566	14050
227	Vanylven	9		14230685.409215	15812
227	Vanylven	10		12386600.258477	13763
228	Nome	1		363995768.967231	404443
229	Svelvik	1		51185287.837046	56873
230	Fauske	1		674879365.612062	749872
230	Fauske	2		105954346.816270	117728
230	Fauske	3		54558460.675007	60621
230	Fauske	4		34360823.313874	38179
230	Fauske	5		27123981.587607	30138
230	Fauske	6		27215780.848406	30240
230	Fauske	7		19852940.136730	22059
230	Fauske	8		16007271.103485	17786
230	Fauske	9		18389551.920475	20433
230	Fauske	10		11585606.708376	12873
231	Gol	1		332352923.767680	369284
231	Gol	2		55004857.080457	61117
231	Gol	3		27092481.841255	30103
231	Gol	4		21275828.679104	23640
231	Gol	5		14468283.495987	16076
231	Gol	6		13079594.678227	14533
231	Gol	7		17135862.015651	19040
231	Gol	8		13335192.620057	14817
231	Gol	9		13727589.460332	15253
231	Gol	10		10162718.166005	11292
232	Tolga	1		361341690.338900	401494
232	Tolga	2		157583331.080153	175094
232	Tolga	3		123228807.715904	136922
232	Tolga	4		98256708.800506	109175
232	Tolga	5		74435700.616099	82707
232	Tolga	6		59704619.236229	66339
232	Tolga	7		43273451.546086	48082
232	Tolga	8		44937538.146243	49931
232	Tolga	9		44917738.305679	49909
232	Tolga	10		69356141.518592	77063
233	Ibestad	1		151592979.316787	168438
233	Ibestad	2		18148353.862691	20165
233	Ibestad	3		7611238.711469	8457
233	Ibestad	4		4236265.888009	4707
233	Ibestad	5		3197674.251135	3553
233	Ibestad	6		3407372.562567	3786
233	Ibestad	7		2033083.628853	2259
233	Ibestad	8		1735186.027635	1928
233	Ibestad	9		1936784.404290	2152
233	Ibestad	10		2878176.823848	3198
234	Time	1		80671750.401113	89636
234	Time	2		15662573.879115	17403
234	Time	3		9293325.166681	10326
234	Time	4		5850852.886752	6501
234	Time	5		4826661.133926	5363
234	Time	6		4041867.453377	4491
234	Time	7		2983475.975940	3315
234	Time	8		2391280.744516	2657
234	Time	9		1797285.527587	1997
234	Time	10		1763085.802976	1959
235	Meråker	1		379260546.049332	421404
235	Meråker	2		171491819.083619	190548
235	Meråker	3		115463670.243671	128294
235	Meråker	4		85853008.679700	95393
235	Meråker	5		63520588.508630	70579
235	Meråker	6		74641798.956518	82936
235	Meråker	7		70593631.553864	78438
235	Meråker	8		66392465.383212	73770
235	Meråker	9		75980988.172870	84424
235	Meråker	10		79990455.887149	88879
236	Balestrand	1		282214327.503083	313574
236	Balestrand	2		26292388.283905	29214
236	Balestrand	3		13185793.823072	14651
236	Balestrand	4		9168226.174025	10187
236	Balestrand	5		8080134.935742	8978
236	Balestrand	6		8555331.109285	9506
236	Balestrand	7		5972351.908397	6636
236	Balestrand	8		5183958.256836	5760
236	Balestrand	9		5305457.278481	5895
236	Balestrand	10		8625530.544013	9584
237	Søgne	1		138733882.863213	154150
238	Sør-Fron	1		239970467.667009	266636
238	Sør-Fron	2		91006367.182946	101119
238	Sør-Fron	3		68749546.403121	76389
238	Sør-Fron	4		55552952.666988	61726
238	Sør-Fron	5		38564689.462784	42850
238	Sør-Fron	6		34073725.625691	37860
238	Sør-Fron	7		37664696.709860	41850
238	Sør-Fron	8		40584273.200347	45094
238	Sør-Fron	9		46922922.159195	52137
238	Sør-Fron	10		32905535.032395	36562
239	Osterøy	1		190416866.691803	211576
239	Osterøy	2		14011087.177502	15568
239	Osterøy	3		6605946.806454	7340
239	Osterøy	4		5975951.879408	6640
239	Osterøy	5		5859852.814281	6511
239	Osterøy	6		7013643.523528	7793
239	Osterøy	7		5168658.380037	5743
239	Osterøy	8		4375764.764712	4862
239	Osterøy	9		4984159.865688	5538
239	Osterøy	10		1622686.933520	1803
240	Meland	1		76260885.919030	84735
240	Meland	2		8062135.080683	8958
240	Meland	3		1820685.339163	2023
240	Meland	4		876592.941347	974
240	Meland	5		634494.890811	705
240	Meland	6		820793.390666	912
240	Meland	7		353697.151899	393
240	Meland	8		255597.941830	284
240	Meland	9		319497.427288	355
240	Meland	10		111599.101362	124
241	Vindafjord	1		316006355.396582	351121
241	Vindafjord	2		59707319.214488	66342
241	Vindafjord	3		31927242.909966	35475
241	Vindafjord	4		26565986.080794	29518
241	Vindafjord	5		19221145.224177	21357
241	Vindafjord	6		18284252.768382	20316
241	Vindafjord	7		23807508.293080	26453
241	Vindafjord	8		23902907.524890	26559
241	Vindafjord	9		28553170.079252	31726
241	Vindafjord	10		30949850.780290	34389
242	Lillehammer	1		347503401.770161	386118
242	Lillehammer	2		19652241.752828	21836
242	Lillehammer	3		9041327.195863	10046
242	Lillehammer	4		8750629.536669	9723
242	Lillehammer	5		3058175.374432	3398
242	Lillehammer	6		1255489.890328	1395
242	Lillehammer	7		3907768.533192	4342
242	Lillehammer	8		6374648.668953	7083
242	Lillehammer	9		6858844.770026	7621
242	Lillehammer	10		11547807.012753	12831
243	Vinje	1		1313832820.543088	1459826
243	Vinje	2		383598511.118356	426224
243	Vinje	3		219509132.429608	243901
243	Vinje	4		169835832.418265	188708
243	Vinje	5		123759803.440129	137512
243	Vinje	6		121926518.202422	135475
243	Vinje	7		100856787.863705	112064
243	Vinje	8		89308080.858177	99232
243	Vinje	9		100778488.494201	111977
243	Vinje	10		157773229.551017	175305
244	Nedre Eiker	1		101220384.935887	112468
244	Nedre Eiker	2		899.992753	1
245	Berg	1		161337200.852539	179265
245	Berg	2		35217616.414658	39131
245	Berg	3		13205593.663636	14673
245	Berg	4		5943552.140303	6604
245	Berg	5		5227157.908977	5808
245	Berg	6		6969543.878635	7744
245	Berg	7		5110158.851097	5678
245	Berg	8		4089567.069282	4544
245	Berg	9		5090359.010532	5656
245	Berg	10		3830369.156440	4256
246	Jondal	1		172061514.496211	191181
246	Jondal	2		16874864.117302	18750
246	Jondal	3		7632838.537539	8481
246	Jondal	4		5193858.177119	5771
246	Jondal	5		4075167.185236	4528
246	Jondal	6		4296565.402455	4774
246	Jondal	7		4143566.634458	4604
246	Jondal	8		3444272.265436	3827
246	Jondal	9		4022967.605566	4470
246	Jondal	10		6103750.850323	6782
247	Voss	1		1041162016.162247	1156856
247	Voss	2		184611013.442783	205125
247	Voss	3		94169841.709476	104634
247	Voss	4		64730178.768560	71923
247	Voss	5		50774891.141712	56417
247	Voss	6		58099032.165012	64555
247	Voss	7		41144968.685419	45717
247	Voss	8		34256424.154535	38063
247	Voss	9		39491681.998297	43880
247	Voss	10		65748970.564871	73055
248	Averøy	1		127132076.285338	141259
248	Averøy	2		7353840.784133	8171
248	Averøy	3		3230073.990241	3589
248	Averøy	4		2357981.012658	2620
248	Averøy	5		1893584.752150	2104
248	Averøy	6		2311181.389506	2568
248	Averøy	7		1908884.628950	2121
248	Averøy	8		1204190.303411	1338
248	Averøy	9		1472388.143782	1636
248	Averøy	10		2038483.585370	2265
249	Lindås	1		397314400.672700	441464
249	Lindås	2		24169305.379756	26855
249	Lindås	3		11195909.846360	12440
249	Lindås	4		7339440.900086	8155
249	Lindås	5		5707754.039037	6342
249	Lindås	6		6029051.451831	6699
249	Lindås	7		3432572.359648	3814
249	Lindås	8		2512779.766161	2792
249	Lindås	9		2379580.838728	2644
249	Lindås	10		3403772.591555	3782
250	Flå	1		449834377.761496	499820
250	Flå	2		52050180.872606	57834
250	Flå	3		32131541.264880	35702
250	Flå	4		24015406.619006	26684
250	Flå	5		16495067.175569	18328
250	Flå	6		14104686.423806	15672
250	Flå	7		16888364.008596	18765
250	Flå	8		17350060.290847	19278
250	Flå	9		20737633.012855	23042
250	Flå	10		36222908.319675	40248
251	Bærum	1		145385729.299969	161541
252	Lier	1		237785285.262945	264208
253	Nordkapp	1		241882052.274190	268760
253	Nordkapp	2		161610798.649424	179569
253	Nordkapp	3		97590714.163342	108435
253	Nordkapp	4		62508996.654342	69455
253	Nordkapp	5		54325362.551999	60362
253	Nordkapp	6		53073472.632681	58971
253	Nordkapp	7		45510833.529856	50568
253	Nordkapp	8		38650188.774312	42945
253	Nordkapp	9		36029409.877796	40033
253	Nordkapp	10		21086830.200989	23430
254	Gjesdal	1		291164755.430770	323519
254	Gjesdal	2		72065119.704895	80073
254	Gjesdal	3		39467382.193968	43853
254	Gjesdal	4		27796276.174042	30885
254	Gjesdal	5		22326120.221767	24807
254	Gjesdal	6		22419719.468071	24911
254	Gjesdal	7		15653573.951586	17393
254	Gjesdal	8		12660198.055365	14067
254	Gjesdal	9		13789688.960283	15322
254	Gjesdal	10		13731189.431343	15257
255	Rana	1		2185570301.090617	2428431
255	Rana	2		585858382.443509	650959
255	Rana	3		280158744.055437	311290
255	Rana	4		166854156.427876	185395
255	Rana	5		143310346.011759	159235
255	Rana	6		159802713.208828	177560
255	Rana	7		102231076.797421	113591
255	Rana	8		84353620.753327	93727
255	Rana	9		94937535.527720	105487
255	Rana	10		62489196.813778	69433
256	Kvinesdal	1		559986290.775615	622212
256	Kvinesdal	2		111622501.174189	124026
256	Kvinesdal	3		55895849.905853	62107
256	Kvinesdal	4		26783784.327002	29760
256	Kvinesdal	5		19586542.281864	21763
256	Kvinesdal	6		20209337.266888	22455
256	Kvinesdal	7		24098205.952275	26776
256	Kvinesdal	8		23650909.554071	26279
256	Kvinesdal	9		25376195.661428	28196
256	Kvinesdal	10		32218840.561913	35799
257	Marnardal	1		375273578.153942	416974
257	Marnardal	2		125098.992656	139
258	Nissedal	1		746198391.323635	829116
258	Nissedal	2		22786916.511264	25319
258	Nissedal	3		9825220.883659	10917
258	Nissedal	4		6567247.118079	7297
258	Nissedal	5		4016667.656296	4463
258	Nissedal	6		3160774.548266	3512
258	Nissedal	7		2447980.287950	2720
258	Nissedal	8		1312189.433762	1458
258	Nissedal	9		897292.774664	997
258	Nissedal	10		543595.622765	604
259	Røros	1		346127312.850963	384589
259	Røros	2		359152007.971071	399061
259	Røros	3		258010822.399084	286681
259	Røros	4		156987535.877727	174432
259	Røros	5		114757175.932625	127509
259	Røros	6		116315963.380690	129241
259	Røros	7		124259299.418002	138067
259	Røros	8		111635101.072730	124040
259	Røros	9		100537290.436417	111709
259	Røros	10		72835513.501399	80929
260	Spydeberg	1		97323416.315723	108138
261	Rømskog	1		158367224.767938	175965
262	Kvalsund	1		449539180.138541	499492
262	Kvalsund	2		253821356.134289	282026
262	Kvalsund	3		205122748.274347	227916
262	Kvalsund	4		150708286.440676	167455
262	Kvalsund	5		134407617.699977	149343
262	Kvalsund	6		135574008.307748	150639
262	Kvalsund	7		125199791.844809	139112
262	Kvalsund	8		104177761.121997	115754
262	Kvalsund	9		99949595.168757	111056
262	Kvalsund	10		55329754.464263	61478
263	Rødøy	1		482472614.945764	536085
263	Rødøy	2		51411186.018030	57124
263	Rødøy	3		21972423.069867	24414
263	Rødøy	4		12076102.758718	13418
263	Rødøy	5		9626322.485263	10696
263	Rødøy	6		10523615.259927	11693
263	Rødøy	7		6763445.538216	7515
263	Rødøy	8		5438656.205914	6043
263	Rødøy	9		5988551.777949	6654
263	Rødøy	10		2614478.947241	2905
264	Namsskogan	1		656605912.756984	729568
264	Namsskogan	2		228052763.632980	253394
264	Namsskogan	3		107300735.974645	119224
264	Namsskogan	4		58505828.889334	65007
264	Namsskogan	5		48101012.672773	53446
264	Namsskogan	6		55503453.065578	61671
264	Namsskogan	7		51394986.148477	57106
264	Namsskogan	8		46338826.862547	51488
264	Namsskogan	9		54474761.348985	60528
264	Namsskogan	10		41449166.235908	46055
265	Leirfjord	1		289327870.222081	321478
265	Leirfjord	2		59282522.635108	65870
265	Leirfjord	3		21805924.410576	24229
265	Leirfjord	4		8658830.275871	9621
265	Leirfjord	5		5699654.104261	6333
265	Leirfjord	6		5732053.843366	6369
265	Leirfjord	7		6580747.009372	7312
265	Leirfjord	8		5442256.176925	6047
265	Leirfjord	9		5966051.959126	6629
265	Leirfjord	10		3557671.352305	3953
266	Bø	1		155007551.821326	172232
266	Bø	2		43999745.697696	48889
266	Bø	3		10148318.281958	11276
266	Bø	4		5097558.952556	5664
266	Bø	5		3331773.171321	3702
266	Bø	6		3405572.577061	3784
266	Bø	7		1803585.476858	2004
266	Bø	8		1078191.318002	1198
266	Bø	9		1214090.223693	1349
266	Bø	10		1115091.020872	1239
267	Eidfjord	1		684803585.698397	760899
267	Eidfjord	2		233252021.766539	259171
267	Eidfjord	3		110362511.320094	122626
267	Eidfjord	4		85160914.252701	94624
267	Eidfjord	5		52218479.517403	58021
267	Eidfjord	6		53054572.784870	58950
267	Eidfjord	7		34985418.284403	38873
267	Eidfjord	8		26892683.450106	29881
267	Eidfjord	9		25706493.001751	28563
267	Eidfjord	10		38219092.245661	42466
268	Oslo	1		353329054.859746	392591
269	Bremanger	1		417735236.236220	464154
269	Bremanger	2		79703358.198966	88560
269	Bremanger	3		35808011.660576	39787
269	Bremanger	4		28806068.042823	32007
269	Bremanger	5		26358087.754869	29287
269	Bremanger	6		30348655.621336	33721
269	Bremanger	7		20523434.737659	22804
269	Bremanger	8		16059470.683154	17844
269	Bremanger	9		19682841.506427	21870
269	Bremanger	10		11940203.853027	13267
270	Lunner	1		246735713.190631	274153
270	Lunner	2		152098.775244	169
270	Lunner	3		44099.644893	49
270	Lunner	4		11699.905788	13
270	Lunner	6		1799.985506	2
271	Salangen	1		259558809.934088	288401
271	Salangen	2		43927746.277462	48809
271	Salangen	3		23218913.032668	25799
271	Salangen	4		14056986.807901	15619
271	Salangen	5		10815212.911874	12017
271	Salangen	6		14274785.054109	15861
271	Salangen	7		10210417.781910	11345
271	Salangen	8		10283317.194896	11426
271	Salangen	9		15523075.002412	17248
271	Salangen	10		13376592.286692	14863
272	Skedsmo	1		45328135.001012	50365
273	Sørum	1		123597804.744603	137332
274	Radøy	1		96644821.780018	107384
274	Radøy	2		8812729.036621	9792
274	Radøy	3		1841385.172480	2046
274	Radøy	4		905392.709441	1006
274	Radøy	5		442796.434438	492
274	Radøy	6		245698.021548	273
274	Radøy	7		214198.275196	238
274	Radøy	8		170998.623055	190
274	Radøy	9		54899.557928	61
274	Radøy	10		36899.702870	41
275	Flekkefjord	1		378133755.122689	420152
275	Flekkefjord	2		47598816.716641	52888
275	Flekkefjord	3		18108754.181562	20121
275	Flekkefjord	4		8568831.000579	9521
275	Flekkefjord	5		4354164.938642	4838
275	Flekkefjord	6		4453164.141463	4948
275	Flekkefjord	7		4512563.663156	5014
275	Flekkefjord	8		4404564.532805	4894
275	Flekkefjord	9		5657354.444874	6286
275	Flekkefjord	10		4220066.018456	4689
276	Hjartdal	1		442471537.049942	491639
276	Hjartdal	2		80073255.220418	88971
276	Hjartdal	3		44607240.805920	49564
276	Hjartdal	4		29324463.868508	32583
276	Hjartdal	5		18951147.398299	21057
276	Hjartdal	6		20019438.796021	22244
276	Hjartdal	7		19429943.542855	21589
276	Hjartdal	8		18009754.978740	20011
276	Hjartdal	9		22259520.758050	24733
276	Hjartdal	10		49819098.838106	55355
277	Stjørdal	1		661475773.542979	734979
277	Stjørdal	2		65723770.767789	73027
277	Stjørdal	3		29659261.172596	32955
277	Stjørdal	4		17503059.058844	19448
277	Stjørdal	5		11055510.976904	12284
277	Stjørdal	6		10547915.064256	11720
277	Stjørdal	7		11374108.411439	12638
277	Stjørdal	8		9882820.419846	10981
277	Stjørdal	9		11677405.969174	12975
277	Stjørdal	10		6551047.248526	7279
278	Holmestrand	1		60706311.170234	67452
279	Vik	1		510265291.148368	566966
279	Vik	2		68754946.359639	76395
279	Vik	3		37582797.369344	41759
279	Vik	4		26880983.544318	29868
279	Vik	5		22070522.279936	24523
279	Vik	6		21592626.128133	23992
279	Vik	7		18165453.724996	20184
279	Vik	8		15986571.270168	17763
279	Vik	9		17176361.689532	19085
279	Vik	10		13918387.923951	15465
280	Horten	1		39769779.758950	44189
281	Trøgstad	1		126286983.090341	140320
282	Bokn	1		37425298.637582	41584
282	Bokn	2		1660486.629143	1845
282	Bokn	3		482396.115567	536
282	Bokn	4		306897.528747	341
282	Bokn	5		164698.673785	183
282	Bokn	6		121499.021645	135
282	Bokn	7		176398.579573	196
282	Bokn	8		90899.268045	101
282	Bokn	9		32399.739105	36
282	Bokn	10		26099.789835	29
283	Dovre	1		609606491.214536	677346
283	Dovre	2		171653817.779143	190728
283	Dovre	3		99190001.285289	110212
283	Dovre	4		79360460.960102	88179
283	Dovre	5		70321833.742480	78136
283	Dovre	6		72981312.327373	81091
283	Dovre	7		55218155.362900	61354
283	Dovre	8		51573184.713556	57304
283	Dovre	9		58008132.896967	64454
283	Dovre	10		40381774.830939	44869
284	Stokke	1		71301925.850415	79225
285	Kongsvinger	1		904121919.662199	1004588
286	Tranøy	1		319351628.459147	354838
286	Tranøy	2		70295733.952646	78107
286	Tranøy	3		25890091.523348	28767
286	Tranøy	4		10151918.252970	11280
286	Tranøy	5		7534739.327470	8372
286	Tranøy	6		9874720.485070	10972
286	Tranøy	7		8052235.160401	8947
286	Tranøy	8		6900244.436660	7667
286	Tranøy	9		8772229.362739	9747
286	Tranøy	10		6686046.161464	7429
287	Giske	1		24205305.089873	26895
287	Giske	2		638994.854575	710
287	Giske	3		287097.688182	319
287	Giske	4		297897.601218	331
287	Giske	5		343797.231617	382
287	Giske	6		289797.666441	322
287	Giske	7		143098.847715	159
287	Giske	8		138598.883950	154
287	Giske	9		166498.659291	185
287	Giske	10		135898.905691	151
288	Øystre Slidre	1		325142181.831368	361272
288	Øystre Slidre	2		103492866.637021	114993
288	Øystre Slidre	3		63005792.653957	70007
288	Øystre Slidre	4		63037292.400309	70042
288	Øystre Slidre	5		48257611.411782	53620
288	Øystre Slidre	6		47367518.579140	52631
288	Øystre Slidre	7		69498340.373554	77221
288	Øystre Slidre	8		67959352.766053	75511
288	Øystre Slidre	9		58778526.693470	65310
288	Øystre Slidre	10		44097844.907765	48998
289	Flora	1		386502787.731996	429451
289	Flora	2		61282306.532106	68092
289	Flora	3		30909351.106408	34344
289	Flora	4		23699509.162729	26333
289	Flora	5		20048238.564114	22276
289	Flora	6		22707717.149007	25231
289	Flora	7		18467851.289979	20520
289	Flora	8		11098710.629044	12332
289	Flora	9		11721505.614067	13024
289	Flora	10		8667830.203400	9631
290	Høyanger	1		483945003.089525	537721
290	Høyanger	2		82643634.522771	91827
290	Høyanger	3		46514325.449367	51683
290	Høyanger	4		37747496.043129	41942
290	Høyanger	5		33837927.524425	37598
290	Høyanger	6		38130892.955875	42368
290	Høyanger	7		31244148.410496	34716
290	Høyanger	8		25039598.371834	27822
290	Høyanger	9		27008782.515233	30010
290	Høyanger	10		24484302.843280	27205
291	Løten	1		290543760.431262	322829
291	Løten	2		12316400.823749	13685
291	Løten	3		6121750.705382	6802
291	Løten	4		2949276.251329	3277
291	Løten	5		2195982.317132	2440
291	Løten	6		1106991.086095	1230
291	Løten	7		621894.992270	691
291	Løten	8		140398.869456	156
291	Løten	9		116999.057880	130
291	Løten	10		308697.514253	343
292	Frøya	1		176223080.985665	195805
292	Frøya	2		23598709.974402	26221
292	Frøya	3		1184390.462847	1316
292	Frøya	4		31499.746352	35
292	Frøya	5		1799.985506	2
293	Gausdal	1		550289768.855766	611438
293	Gausdal	2		157956828.072611	175509
293	Gausdal	3		82298937.298401	91444
293	Gausdal	4		59346422.120565	65941
293	Gausdal	5		43881846.647063	48758
293	Gausdal	6		42611956.872686	47347
293	Gausdal	7		53143672.067409	59049
293	Gausdal	8		45049137.247606	50055
293	Gausdal	9		36796203.703288	40885
293	Gausdal	10		29681760.991419	32980
294	Hattfjelldal	1		1081351192.544436	1201511
294	Hattfjelldal	2		399767780.917131	444190
294	Hattfjelldal	3		209303214.611613	232561
294	Hattfjelldal	4		109953914.610266	122172
294	Hattfjelldal	5		69097843.598503	76776
294	Hattfjelldal	6		83620126.659694	92912
294	Hattfjelldal	7		104419859.172533	116023
294	Hattfjelldal	8		100747888.740601	111943
294	Hattfjelldal	9		113363987.151098	125961
294	Hattfjelldal	10		60334614.163277	67039
295	Tvedestrand	1		198225203.816048	220252
296	Østre Toten	1		343839531.273066	382047
296	Østre Toten	2		23623909.771484	26249
296	Østre Toten	3		4913960.430960	5460
296	Østre Toten	4		1516487.788675	1685
296	Østre Toten	5		522895.789448	581
296	Østre Toten	6		307797.521500	342
296	Østre Toten	7		225898.180984	251
296	Østre Toten	8		153898.760750	171
296	Østre Toten	9		248397.999807	276
296	Østre Toten	10		284397.709924	316
297	Hof	1		133053128.606828	147838
297	Hof	2		61199.507199	68
297	Hof	3		6299.949270	7
297	Hof	4		3599.971012	4
297	Hof	5		899.992753	1
298	Sømna	1		127114076.430279	141239
298	Sømna	2		15763373.067443	17515
298	Sømna	3		5402656.495797	6003
298	Sømna	4		2150982.679486	2390
298	Sømna	5		1552487.498792	1725
298	Sømna	6		1719886.150836	1911
298	Sømna	7		1827885.281187	2031
298	Sømna	8		1656886.658131	1841
298	Sømna	9		2006983.839018	2230
298	Sømna	10		1703686.281283	1893
299	Balsfjord	1		860938467.392088	956606
299	Balsfjord	2		156690538.269267	174102
299	Balsfjord	3		78555867.438987	87285
299	Balsfjord	4		35762112.030177	39736
299	Balsfjord	5		24613901.799701	27349
299	Balsfjord	6		26943983.037022	29938
299	Balsfjord	7		21679925.425167	24089
299	Balsfjord	8		20847432.128711	23164
299	Balsfjord	9		25367195.733899	28186
299	Balsfjord	10		14359384.372883	15955
300	Samnanger	1		181065941.989072	201186
300	Samnanger	2		22310820.344967	24790
300	Samnanger	3		10026819.260313	11141
300	Samnanger	4		7124342.632138	7916
300	Samnanger	5		5967851.944632	6631
300	Samnanger	6		6497047.683351	7219
300	Samnanger	7		6031751.430090	6702
300	Samnanger	8		5431456.263890	6035
300	Samnanger	9		6174850.277804	6861
300	Samnanger	10		9400424.304279	10445
301	Øvre Eiker	1		363825670.336931	404254
301	Øvre Eiker	2		34199.724611	38
302	Sande	1		40840771.134931	45379
302	Sande	2		9380624.463715	10423
302	Sande	3		5372056.742197	5969
302	Sande	4		4096767.011306	4552
302	Sande	5		3061775.345444	3402
302	Sande	6		3384872.743744	3761
302	Sande	7		4678162.329694	5198
302	Sande	8		4546763.387767	5052
302	Sande	9		4227265.960480	4697
302	Sande	10		1827885.281187	2031
303	Nord-Fron	1		529317237.734712	588135
303	Nord-Fron	2		135062812.424095	150071
303	Nord-Fron	3		92801852.725030	103114
303	Nord-Fron	4		67379757.433170	74867
303	Nord-Fron	5		44635140.581261	49595
303	Nord-Fron	6		39414282.621545	43794
303	Nord-Fron	7		42853154.930470	47615
303	Nord-Fron	8		37872595.035785	42081
303	Nord-Fron	9		42473357.988736	47193
303	Nord-Fron	10		33248432.271259	36943
304	Fusa	1		282091928.488687	313438
304	Fusa	2		24479802.879515	27200
304	Fusa	3		11238209.505747	12487
304	Fusa	4		8249333.573291	9166
304	Fusa	5		7041543.298869	7824
304	Fusa	6		7097342.849550	7886
304	Fusa	7		4920260.380230	5467
304	Fusa	8		4121066.815635	4579
304	Fusa	9		4902260.525172	5447
304	Fusa	10		3183274.367089	3537
305	Vågsøy	1		83501327.616308	92780
305	Vågsøy	2		16168369.806258	17965
305	Vågsøy	3		9196125.949366	10218
305	Vågsøy	4		8450931.949946	9390
305	Vågsøy	5		6744545.690404	7494
305	Vågsøy	6		6834544.965697	7594
305	Vågsøy	7		7639138.486810	8488
305	Vågsøy	8		7684138.124456	8538
305	Vågsøy	9		9158326.253743	10176
305	Vågsøy	10		6937144.139530	7708
306	Klepp	1		34127725.190866	37920
307	Ringebu	1		402789956.581402	447548
307	Ringebu	2		159046719.296384	176720
307	Ringebu	3		109941314.711726	122158
307	Ringebu	4		105441350.947103	117158
307	Ringebu	5		90386272.176181	100430
307	Ringebu	6		68791846.062509	76436
307	Ringebu	7		53226471.400678	59141
307	Ringebu	8		54319962.595482	60356
307	Ringebu	9		61366905.850881	68186
307	Ringebu	10		78615266.960680	87351
308	Steigen	1		714396247.406819	793780
308	Steigen	2		78877164.851781	87642
308	Steigen	3		31897543.149119	35442
308	Steigen	4		14417883.901823	16020
308	Steigen	5		10205017.825392	11339
308	Steigen	6		10822412.853897	12025
308	Steigen	7		6371048.697941	7079
308	Steigen	8		4953560.112088	5504
308	Steigen	9		5617754.763745	6242
308	Steigen	10		3601770.997198	4002
309	Tysvær	1		233259221.708562	259179
309	Tysvær	2		51080888.677706	56757
309	Tysvær	3		25762292.552433	28625
309	Tysvær	4		20014038.839503	22238
309	Tysvær	5		13932787.807998	15481
309	Tysvær	6		13794188.924048	15327
309	Tysvær	7		12078802.736977	13421
309	Tysvær	8		9413024.202820	10459
309	Tysvær	9		10423716.064352	11582
309	Tysvær	10		6582546.994878	7314
310	Hurdal	1		250276284.680578	278087
310	Hurdal	2		5049859.336651	5611
310	Hurdal	3		1057491.484684	1175
310	Hurdal	4		106199.144845	118
310	Hurdal	5		21599.826070	24
310	Hurdal	6		17999.855058	20
310	Hurdal	7		16199.869553	18
310	Hurdal	8		13499.891294	15
310	Hurdal	9		11699.905788	13
310	Hurdal	10		1799.985506	2
311	Drangedal	1		994918588.532243	1105474
311	Drangedal	2		2119482.933134	2355
311	Drangedal	3		1084491.267272	1205
311	Drangedal	4		518395.825684	576
311	Drangedal	5		105299.152092	117
311	Drangedal	6		32399.739105	36
311	Drangedal	7		17999.855058	20
311	Drangedal	8		9899.920282	11
311	Drangedal	9		5399.956518	6
311	Drangedal	10		2699.978259	3
312	Fosnes	1		274233191.770280	304706
312	Fosnes	2		69719738.590774	77467
312	Fosnes	3		33963926.509834	37738
312	Fosnes	4		17876556.051308	19863
312	Fosnes	5		14621282.263984	16246
312	Fosnes	6		15934371.690498	17705
312	Fosnes	7		11479407.563531	12755
312	Fosnes	8		8644430.391824	9605
312	Fosnes	9		9563322.992558	10626
312	Fosnes	10		6161350.386510	6846
313	Karmøy	1		48545609.092718	53940
313	Karmøy	2		55526852.877154	61697
313	Karmøy	3		29606161.600173	32896
313	Karmøy	4		20096838.172772	22330
313	Karmøy	5		10983511.556670	12204
313	Karmøy	6		8023435.392308	8915
313	Karmøy	7		5126358.720649	5696
313	Karmøy	8		1707286.252295	1897
313	Karmøy	9		879292.919606	977
313	Karmøy	10		1015191.825297	1128
314	Åmli	1		1011248057.041036	1123618
314	Åmli	2		30236156.527221	33596
314	Åmli	3		9804521.050342	10894
314	Åmli	4		6499747.661609	7222
314	Åmli	5		4693462.206494	5215
314	Åmli	6		3762869.699971	4181
314	Åmli	7		3233673.961252	3593
314	Åmli	8		1825185.302928	2028
314	Åmli	9		1241090.006281	1379
314	Åmli	10		416696.644603	463
315	Selje	1		77090679.237226	85657
315	Selje	2		19101446.188038	21224
315	Selje	3		13511591.199630	15013
315	Selje	4		12477499.526522	13864
315	Selje	5		11038411.114599	12265
315	Selje	6		11434407.925885	12705
315	Selje	7		14366584.314907	15963
315	Selje	8		14660881.945112	16290
315	Selje	9		18115054.130833	20128
315	Selje	10		15639174.067539	17377
316	Kvænangen	1		1125403137.826940	1250458
316	Kvænangen	2		329831144.074027	366482
316	Kvænangen	3		148537503.920658	165043
316	Kvænangen	4		65082075.934954	72314
316	Kvænangen	5		52059180.800135	57844
316	Kvænangen	6		46126428.572857	51252
316	Kvænangen	7		32492438.358802	36103
316	Kvænangen	8		24669701.350382	27411
316	Kvænangen	9		27683777.079926	30760
316	Kvænangen	10		13135394.228908	14595
317	Eigersund	1		218317542.024756	242577
317	Eigersund	2		59077324.287441	65642
317	Eigersund	3		24990998.763176	27768
317	Eigersund	4		15596874.408152	17330
317	Eigersund	5		10861112.542273	12068
317	Eigersund	6		10350816.651366	11501
317	Eigersund	7		8279933.326890	9200
317	Eigersund	8		7485239.726060	8317
317	Eigersund	9		8435632.073146	9373
317	Eigersund	10		8008135.515508	8898
318	Ørskog	1		85574010.926293	95083
318	Ørskog	2		9613722.586722	10682
318	Ørskog	3		5126358.720649	5696
318	Ørskog	4		4281265.525655	4757
318	Ørskog	5		3592771.069669	3992
318	Ørskog	6		3389372.707508	3766
318	Ørskog	7		2144682.730215	2383
318	Ørskog	8		1597487.136438	1775
318	Ørskog	9		1445388.361194	1606
318	Ørskog	10		5875152.691081	6528
319	Bjugn	1		255091245.908645	283437
319	Bjugn	2		27966374.804345	31074
319	Bjugn	3		11722405.606820	13025
319	Bjugn	4		6118150.734370	6798
319	Bjugn	5		3831269.149193	4257
319	Bjugn	6		4217366.040197	4686
319	Bjugn	7		3404672.584308	3783
319	Bjugn	8		2979876.004928	3311
319	Bjugn	9		3368672.874191	3743
319	Bjugn	10		2249081.889554	2499
320	Lund	1		143475044.685541	159418
320	Lund	2		52140180.147898	57934
320	Lund	3		32873135.293289	36526
320	Lund	4		21502626.852841	23892
320	Lund	5		16265569.023574	18073
320	Lund	6		16385268.059712	18206
320	Lund	7		14308084.785967	15898
320	Lund	8		14889480.104355	16544
320	Lund	9		19950139.354046	22167
320	Lund	10		12467599.606240	13853
321	Eid	1		257736324.609446	286376
321	Eid	2		43826047.096381	48696
321	Eid	3		24781300.451745	27535
321	Eid	4		15800272.770313	17556
321	Eid	5		12950895.714559	14390
321	Eid	6		13422491.917091	14914
321	Eid	7		7563539.095564	8404
321	Eid	8		5021959.561310	5580
321	Eid	9		4833861.075949	5371
321	Eid	10		4251565.764808	4724
322	Skiptvet	1		61328206.162505	68143
323	Skjervøy	1		218996136.560450	243331
323	Skjervøy	2		65819169.999599	73133
323	Skjervøy	3		37010401.978484	41123
323	Skjervøy	4		20238137.034982	22487
323	Skjervøy	5		12962595.620347	14403
323	Skjervøy	6		12627798.316260	14031
323	Skjervøy	7		12400100.149771	13778
323	Skjervøy	8		9816220.956130	10907
323	Skjervøy	9		10364316.542659	11516
323	Skjervøy	10		5581755.053628	6202
324	Verdal	1		523428585.152424	581592
324	Verdal	2		179409955.323718	199346
324	Verdal	3		116030665.678013	128924
324	Verdal	4		93553346.673722	103949
324	Verdal	5		83079231.015186	92311
324	Verdal	6		94796236.665511	105330
324	Verdal	7		93547946.717205	103943
324	Verdal	8		78830365.228629	87590
324	Verdal	9		78874464.873523	87639
324	Verdal	10		64371981.652896	71525
325	Folldal	1		540103650.878335	600120
325	Folldal	2		141096363.839601	156775
325	Folldal	3		99930695.320946	111035
325	Folldal	4		77380476.903668	85979
325	Folldal	5		67605655.614154	75118
325	Folldal	6		76570483.426036	85079
325	Folldal	7		56591544.303863	62880
325	Folldal	8		55165055.790478	61295
325	Folldal	9		63924685.254693	71028
325	Folldal	10		54017565.030499	60020
326	Øksnes	1		238777977.269404	265311
326	Øksnes	2		32018142.178011	35576
326	Øksnes	3		9731621.637355	10813
326	Øksnes	4		5534955.430476	6150
326	Øksnes	5		3599071.018939	3999
326	Øksnes	6		3273273.642381	3637
326	Øksnes	7		1852185.085515	2058
326	Øksnes	8		1181690.484588	1313
326	Øksnes	9		1041291.615132	1157
326	Øksnes	10		863993.042806	960
327	Hvaler	1		80367552.850624	89298
328	Våler	1		207208031.482839	230233
329	Hole	1		112361395.224340	124847
330	Rennesøy	1		47413418.209539	52682
331	Modalen	1		286761990.883536	318627
331	Modalen	2		32813735.771596	36460
331	Modalen	3		12051802.954390	13391
331	Modalen	4		7244941.661029	8050
331	Modalen	5		5601554.894193	6224
331	Modalen	6		5891352.560634	6546
331	Modalen	7		5187558.227848	5764
331	Modalen	8		5119158.778626	5688
331	Modalen	9		6168550.328534	6854
331	Modalen	10		4778961.518021	5310
332	Mandal	1		201383278.386008	223761
333	Bjerkreim	1		194649532.608738	216279
333	Bjerkreim	2		92449955.558637	102723
333	Bjerkreim	3		58396929.766230	64886
333	Bjerkreim	4		41592265.083623	46214
333	Bjerkreim	5		32488838.387791	36099
333	Bjerkreim	6		33212432.561142	36903
333	Bjerkreim	7		25655193.414834	28506
333	Bjerkreim	8		22226221.026192	24696
333	Bjerkreim	9		27020482.421021	30023
333	Bjerkreim	10		27535278.275694	30595
334	Gjøvik	1		565475346.575611	628311
334	Gjøvik	2		249297.992560	277
334	Gjøvik	3		899.992753	1
335	Drammen	1		106850739.598183	118724
336	Flakstad	1		84863916.644236	94294
336	Flakstad	2		26585785.921358	29540
336	Flakstad	3		15727373.357326	17475
336	Flakstad	4		9230325.673977	10256
336	Flakstad	5		6717545.907817	7464
336	Flakstad	6		6745445.683157	7495
336	Flakstad	7		3535171.533482	3928
336	Flakstad	8		2412880.570586	2681
336	Flakstad	9		2139282.773698	2377
336	Flakstad	10		3070775.272973	3412
337	Beiarn	1		631853412.073710	702065
337	Beiarn	2		153734062.075959	170817
337	Beiarn	3		76586683.295588	85097
337	Beiarn	4		46359526.695864	51511
337	Beiarn	5		40286375.599129	44763
337	Beiarn	6		50765891.214183	56407
337	Beiarn	7		30021058.259272	33357
337	Beiarn	8		19970839.187363	22190
337	Beiarn	9		22795916.438793	25329
337	Beiarn	10		12540499.019227	13934
338	Sunndal	1		1142482300.301169	1269435
338	Sunndal	2		118750443.777351	131946
338	Sunndal	3		55141655.978902	61269
338	Sunndal	4		35386815.052208	39319
338	Sunndal	5		29744760.484124	33050
338	Sunndal	6		32421338.931321	36024
338	Sunndal	7		23077614.170459	25642
338	Sunndal	8		19586542.281864	21763
338	Sunndal	9		19700841.361486	21890
338	Sunndal	10		18059254.580151	20066
339	Fet	1		113557485.592976	126176
340	Namsos	1		528003248.315464	586675
340	Namsos	2		67276258.266584	74752
340	Namsos	3		33284431.981376	36983
340	Namsos	4		22980414.953143	25534
340	Namsos	5		18664049.710116	20738
340	Namsos	6		18121354.080103	20135
340	Namsos	7		14816580.691368	16463
340	Namsos	8		11329108.773793	12588
340	Namsos	9		10657714.180112	11842
340	Namsos	10		7878536.559087	8754
341	Vaksdal	1		398961387.410524	443294
341	Vaksdal	2		86293105.135880	95882
341	Vaksdal	3		38793287.622027	43104
341	Vaksdal	4		28770968.325459	31968
341	Vaksdal	5		24313304.220224	27015
341	Vaksdal	6		24661601.415606	27402
341	Vaksdal	7		21116529.961836	23463
341	Vaksdal	8		20230937.092958	22479
341	Vaksdal	9		21896823.678622	24330
341	Vaksdal	10		24818200.154615	27576
342	Sandøy	1		14895780.053625	16551
343	Tønsberg	1		51489485.387534	57211
344	Hasvik	1		192219552.175882	213579
344	Hasvik	2		73729206.305053	81922
344	Hasvik	3		50180895.924782	55757
344	Hasvik	4		28667469.158873	31853
344	Hasvik	5		23561810.271532	26180
344	Hasvik	6		24495102.756315	27217
344	Hasvik	7		26304088.189693	29227
344	Hasvik	8		24463603.009962	27182
344	Hasvik	9		27868275.594276	30965
344	Hasvik	10		13647490.105321	15164
345	Vegårshei	1		325180881.519743	361315
346	Flatanger	1		256508734.494477	285012
346	Flatanger	2		50127796.352359	55698
346	Flatanger	3		26132189.573885	29036
346	Flatanger	4		15978471.335391	17754
346	Flatanger	5		13642090.148804	15158
346	Flatanger	6		16018071.016520	17798
346	Flatanger	7		10718913.687311	11910
346	Flatanger	8		9458923.833219	10510
346	Flatanger	9		11584706.715623	12872
346	Flatanger	10		7948735.993815	8832
347	Risør	1		174915391.515687	194352
348	Bø	1		222729306.499519	247479
348	Bø	2		3959068.120108	4399
348	Bø	3		2352581.056141	2614
348	Bø	4		1853085.078268	2059
348	Bø	5		1548887.527780	1721
348	Bø	6		1811685.411634	2013
348	Bø	7		1066491.412214	1185
348	Bø	8		874792.955841	972
348	Bø	9		985492.064451	1095
348	Bø	10		3666570.475408	4074
349	Hjelmeland	1		664488049.286967	738326
349	Hjelmeland	2		107761532.264142	119736
349	Hjelmeland	3		55410753.812026	61568
349	Hjelmeland	4		30211856.722892	33569
349	Hjelmeland	5		25621893.682976	28469
349	Hjelmeland	6		29375763.455425	32640
349	Hjelmeland	7		17023362.921535	18915
349	Hjelmeland	8		13329792.663540	14811
349	Hjelmeland	9		14804880.785580	16450
349	Hjelmeland	10		12936495.830513	14374
350	Tysnes	1		203103164.536818	225672
350	Tysnes	2		12480199.504781	13867
350	Tysnes	3		5540355.386994	6156
350	Tysnes	4		4579163.126872	5088
350	Tysnes	5		3815069.279641	4239
350	Tysnes	6		3662070.511644	4069
350	Tysnes	7		4425264.366123	4917
350	Tysnes	8		4079667.149000	4533
350	Tysnes	9		3907768.533192	4342
350	Tysnes	10		1609187.042226	1788
351	Sola	1		32958634.604817	36621
352	Audnedal	1		233747917.773392	259722
352	Audnedal	2		724494.166103	805
352	Audnedal	3		147598.811479	164
352	Audnedal	4		29699.760846	33
353	Stor-Elvdal	1		1294425376.816774	1438262
353	Stor-Elvdal	2		208167423.757441	231299
353	Stor-Elvdal	3		130820246.586822	145357
353	Stor-Elvdal	4		94245441.100721	104718
353	Stor-Elvdal	5		73154110.935934	81283
353	Stor-Elvdal	6		65824569.956116	73139
353	Stor-Elvdal	7		57685935.491420	64096
353	Stor-Elvdal	8		57939733.447744	64378
353	Stor-Elvdal	9		63683487.196909	70760
353	Stor-Elvdal	10		72372017.233643	80414
354	Rælingen	1		50405894.113013	56007
355	Suldal	1		1089176629.532022	1210206
355	Suldal	2		158377124.688220	175976
355	Suldal	3		84314021.072199	93683
355	Suldal	4		53740367.262598	59712
355	Suldal	5		42257359.728034	46953
355	Suldal	6		45731331.754323	50813
355	Suldal	7		30299156.019925	33666
355	Suldal	8		25618293.711965	28465
355	Suldal	9		30705952.744247	34118
355	Suldal	10		41090069.127491	45656
356	Sør-Varanger	1		236213897.916364	262462
356	Sør-Varanger	2		910215770.592150	1011359
356	Sør-Varanger	3		915791225.696426	1017554
356	Sør-Varanger	4		454075143.613206	504532
356	Sør-Varanger	5		285676599.623527	317421
356	Sør-Varanger	6		261747592.309164	290833
356	Sør-Varanger	7		161629698.497235	179590
356	Sør-Varanger	8		122217215.861617	135798
356	Sør-Varanger	9		114255879.969246	126952
356	Sør-Varanger	10		56935341.535481	63262
357	Vevelstad	1		338282076.023849	375872
357	Vevelstad	2		89371980.343635	99303
357	Vevelstad	3		27286880.275887	30319
357	Vevelstad	4		7624738.602763	8472
357	Vevelstad	5		5555655.263793	6173
357	Vevelstad	6		5885052.611363	6539
357	Vevelstad	7		7126142.617644	7918
357	Vevelstad	8		6457448.002222	7175
357	Vevelstad	9		6449348.067446	7166
357	Vevelstad	10		3161674.541019	3513
358	Austevoll	1		111051905.768834	123392
358	Austevoll	2		22499.818823	25
359	Vestby	1		95411831.708511	106014
360	Leka	1		82832633.000885	92037
360	Leka	2		5870652.727316	6523
360	Leka	3		2606379.012465	2896
360	Leka	4		1055691.499179	1173
360	Leka	5		725394.158856	806
360	Leka	6		774893.760267	861
360	Leka	7		1076391.332496	1196
360	Leka	8		1112391.042613	1236
360	Leka	9		1414788.607595	1572
360	Leka	10		775793.753020	862
361	Stordal	1		160917804.229684	178799
361	Stordal	2		23110913.902317	25679
361	Stordal	3		10682913.977194	11870
361	Stordal	4		7073943.037974	7860
361	Stordal	5		5502555.691371	6114
361	Stordal	6		5138958.619190	5710
361	Stordal	7		2933976.374529	3260
361	Stordal	8		2079883.252005	2311
361	Stordal	9		2312981.375012	2570
361	Stordal	10		5685254.220214	6317
362	Rissa	1		324759684.911381	360847
362	Rissa	2		64507880.558588	71676
362	Rissa	3		32453738.670427	36060
362	Rissa	4		22478218.997011	24976
362	Rissa	5		19206745.340130	21341
362	Rissa	6		21793324.512035	24215
362	Rissa	7		15179277.770796	16866
362	Rissa	8		13017495.178276	14464
362	Rissa	9		15365576.270651	17073
362	Rissa	10		9020627.362546	10023
363	Naustdal	1		177774668.491681	197529
363	Naustdal	2		35211316.465387	39124
363	Naustdal	3		20552234.505752	22836
363	Naustdal	4		15352076.379357	17058
363	Naustdal	5		13505291.250360	15006
363	Naustdal	6		14668981.879889	16299
363	Naustdal	7		11151810.201467	12391
363	Naustdal	8		8296133.196443	9218
363	Naustdal	9		9179026.087060	10199
363	Naustdal	10		14424183.851094	16027
364	Jølster	1		352934858.033971	392153
364	Jølster	2		41704764.177738	46339
364	Jølster	3		19969939.194610	22189
364	Jølster	4		12366800.417912	13741
364	Jølster	5		9222225.739201	10247
364	Jølster	6		9115126.601603	10128
364	Jølster	7		6782345.386027	7536
364	Jølster	8		5004859.699005	5561
364	Jølster	9		5140758.604696	5712
364	Jølster	10		19744041.013626	21938
365	Sykkylven	1		232856024.955259	258731
365	Sykkylven	2		23401611.561511	26002
365	Sykkylven	3		11096010.650786	12329
365	Sykkylven	4		6105550.835829	6784
365	Sykkylven	5		4004067.757755	4449
365	Sykkylven	6		3557671.352305	3953
365	Sykkylven	7		2661278.570393	2957
365	Sykkylven	8		1620886.948014	1801
365	Sykkylven	9		1516487.788675	1685
365	Sykkylven	10		737994.057397	820
366	Surnadal	1		714412447.276372	793798
366	Surnadal	2		163222685.669885	181360
366	Surnadal	3		93499347.108547	103889
366	Surnadal	4		58751526.910882	65280
366	Surnadal	5		44212143.987386	49125
366	Surnadal	6		44645940.494296	49607
366	Surnadal	7		29070665.912183	32301
366	Surnadal	8		23295412.416666	25884
366	Surnadal	9		23840808.024939	26490
366	Surnadal	10		31918242.982437	35465
367	Bardu	1		1353703399.495020	1504127
367	Bardu	2		281945229.669963	313275
367	Bardu	3		169112238.244926	187904
367	Bardu	4		115512269.852329	128348
367	Bardu	5		74738998.173834	83044
367	Bardu	6		77902472.700364	86559
367	Bardu	7		68228450.599178	75810
367	Bardu	8		69255342.330265	76951
367	Bardu	9		86374104.483643	95972
367	Bardu	10		61671103.401370	68524
368	Levanger	1		382341221.242541	424827
368	Levanger	2		37261499.956550	41402
368	Levanger	3		19767440.825202	21964
368	Levanger	4		15110878.321574	16790
368	Levanger	5		10543415.100491	11715
368	Levanger	6		10074518.876218	11194
368	Levanger	7		8914428.217701	9905
368	Levanger	8		6212649.973427	6903
368	Levanger	9		5645654.539086	6273
368	Levanger	10		6686946.154217	7430
369	Alta	1		1365054108.096220	1516739
369	Alta	2		518624423.837393	576254
369	Alta	3		316913548.091515	352129
369	Alta	4		268521837.760315	298360
369	Alta	5		254058054.228304	282289
369	Alta	6		187014894.085805	207796
369	Alta	7		199553593.119342	221728
369	Alta	8		196659216.425985	218512
369	Alta	9		158963919.963117	176628
369	Alta	10		65019076.442249	72244
370	Aurland	1		1007738085.304688	1119718
370	Aurland	2		100791088.392742	111991
370	Aurland	3		46966121.811335	52185
370	Aurland	4		29603461.621915	32893
370	Aurland	5		24870399.734284	27634
370	Aurland	6		27456978.906189	30508
370	Aurland	7		19289544.673399	21433
370	Aurland	8		15629274.147257	17366
370	Aurland	9		18707249.362257	20786
370	Aurland	10		22575418.214327	25084
371	Nord-Odal	1		450719070.637606	500803
371	Nord-Odal	2		899.992753	1
372	Fjell	1		34743320.233867	38604
372	Fjell	2		35457914.479689	39398
372	Fjell	3		18738749.108609	20821
372	Fjell	4		14404384.010529	16005
372	Fjell	5		10841312.701708	12046
372	Fjell	6		8847828.753985	9831
372	Fjell	7		5624054.713016	6249
372	Fjell	8		2393980.722775	2660
372	Fjell	9		2117682.947628	2353
372	Fjell	10		796493.586337	885
373	Nesset	1		622503387.363732	691676
373	Nesset	2		71138127.169383	79043
373	Nesset	3		46057129.130881	51175
373	Nesset	4		28505470.463347	31673
373	Nesset	5		24871299.727037	27635
373	Nesset	6		27601877.739410	30669
373	Nesset	7		16379868.103195	18200
373	Nesset	8		12173301.976034	13526
373	Nesset	9		12859096.453761	14288
373	Nesset	10		9168226.174025	10187
374	Ål	1		491162944.967860	545741
374	Ål	2		110421010.849034	122691
374	Ål	3		75972888.238094	84415
374	Ål	4		69133843.308620	76816
374	Ål	5		48190111.955313	53545
374	Ål	6		40837171.163919	45375
374	Ål	7		48122612.498843	53470
374	Ål	8		47859814.614989	53178
374	Ål	9		51185287.837046	56873
374	Ål	10		90315172.748700	100351
375	Tydal	1		324407787.744994	360456
375	Tydal	2		166562558.775933	185071
375	Tydal	3		117396854.676953	130442
375	Tydal	4		87774493.207194	97528
375	Tydal	5		79180462.409517	87979
375	Tydal	6		85362512.629356	94848
375	Tydal	7		95608030.128649	106232
375	Tydal	8		97641113.757506	108491
375	Tydal	9		90994667.277158	101106
375	Tydal	10		66676863.093136	74086
376	Storfjord	1		889813834.876441	988690
376	Storfjord	2		145496428.408577	161664
376	Storfjord	3		80305453.350673	89229
376	Storfjord	4		47877814.470048	53198
376	Storfjord	5		37304699.608690	41450
376	Storfjord	6		31239648.446731	34711
376	Storfjord	7		26256388.573788	29174
376	Storfjord	8		24235004.850720	26928
376	Storfjord	9		27840375.818935	30934
376	Storfjord	10		12457699.685958	13842
377	Åsnes	1		905896705.370937	1006560
378	Engerdal	1		819895197.888396	911002
378	Engerdal	2		399211585.395833	443572
378	Engerdal	3		203347962.565609	225944
378	Engerdal	4		107406935.119490	119342
378	Engerdal	5		82366436.754870	91519
378	Engerdal	6		86190505.962046	95768
378	Engerdal	7		69720638.583527	77468
378	Engerdal	8		61335406.104529	68151
378	Engerdal	9		65212574.884128	72459
378	Engerdal	10		35322015.573997	39247
379	Sel	1		510694587.691506	567443
379	Sel	2		71126427.263595	79030
379	Sel	3		44332743.016278	49259
379	Sel	4		41430266.388096	46034
379	Sel	5		38810387.484333	43123
379	Sel	6		36306607.645697	40341
379	Sel	7		30917451.041184	34353
379	Sel	8		32199940.714102	35778
379	Sel	9		33567929.698547	37298
379	Sel	10		24458203.053445	27176
380	Kautokeino	1		926901636.231096	1029899
380	Kautokeino	2		2219592727.133367	2466234
380	Kautokeino	3		1464418707.987126	1627145
380	Kautokeino	4		1123271954.987768	1248090
380	Kautokeino	5		907206194.826421	1008015
380	Kautokeino	6		631653613.682564	701843
380	Kautokeino	7		772522279.353490	858365
380	Kautokeino	8		560895283.456054	623222
380	Kautokeino	9		332930719.115048	369926
380	Kautokeino	10		136670199.480791	151857
381	Granvin	1		129559356.739975	143956
381	Granvin	2		19291344.658905	21435
381	Granvin	3		10675714.035171	11862
381	Granvin	4		6539347.342738	7266
381	Granvin	5		4881560.691854	5424
381	Granvin	6		4860860.858537	5401
381	Granvin	7		4815861.220891	5351
381	Granvin	8		4112066.888105	4569
381	Granvin	9		4886960.648372	5430
381	Granvin	10		9809021.014106	10899
382	Ørland	1		33737128.336097	37486
382	Ørland	2		594895.209682	661
382	Ørland	3		95399.231810	106
382	Ørland	4		19799.840564	22
382	Ørland	5		1799.985506	2
383	Røyken	1		91533762.936159	101705
384	Eidsberg	1		155620446.886057	172913
385	Austrheim	1		55665451.761104	61851
386	Etne	1		408965706.851868	454410
386	Etne	2		56398945.854738	62666
386	Etne	3		28081573.876719	31202
386	Etne	4		19158145.731472	21287
386	Etne	5		15032578.952070	16703
386	Etne	6		15537474.886459	17264
386	Etne	7		20041038.622091	22268
386	Etne	8		20440635.404390	22712
386	Etne	9		26058390.168145	28954
386	Etne	10		37760995.934423	41957
387	Orkdal	1		325047682.592313	361167
387	Orkdal	2		68142051.294897	75714
387	Orkdal	3		32330439.663276	35923
387	Orkdal	4		20063538.440914	22293
387	Orkdal	5		13302792.880952	14781
387	Orkdal	6		15767873.031207	17520
387	Orkdal	7		12760997.243693	14179
387	Orkdal	8		10267117.325344	11408
387	Orkdal	9		12361400.461395	13735
387	Orkdal	10		14748181.242146	16387
388	Solund	1		35375115.146420	39306
388	Solund	2		28798868.100800	31999
388	Solund	3		19087046.303991	21208
388	Solund	4		26811684.102343	29791
388	Solund	5		25956690.987064	28841
388	Solund	6		23843508.003197	26493
388	Solund	7		25716392.922033	28574
388	Solund	8		16750665.117399	18612
388	Solund	9		9348224.724610	10387
388	Solund	10		3104075.004831	3449
389	Bygland	1		534762193.889816	594185
389	Bygland	2		187751988.150438	208615
389	Bygland	3		102694573.065177	114106
389	Bygland	4		69058243.917374	76732
389	Bygland	5		51819782.727857	57578
389	Bygland	6		52394878.096976	58217
389	Bygland	7		50704691.706984	56339
389	Bygland	8		40764271.750932	45294
389	Bygland	9		44276943.465597	49197
389	Bygland	10		44969937.885348	49967
390	Rakkestad	1		310879096.683256	345424
391	Lavangen	1		143992540.518464	159993
391	Lavangen	2		33295231.894411	36995
391	Lavangen	3		20311936.440721	22569
391	Lavangen	4		11813304.874865	13126
391	Lavangen	5		8988227.623441	9987
391	Lavangen	6		9758621.419942	10843
391	Lavangen	7		9410324.224561	10456
391	Lavangen	8		8892828.391631	9881
391	Lavangen	9		10708113.774276	11898
391	Lavangen	10		9504823.463618	10561
392	Sandefjord	1		66752462.484382	74170
393	Tinn	1		739060548.800309	821185
393	Tinn	2		184625413.326830	205141
393	Tinn	3		125419390.076522	139356
393	Tinn	4		112619693.144429	125134
393	Tinn	5		96491823.012021	107214
393	Tinn	6		99415899.466273	110463
393	Tinn	7		110561409.718491	122847
393	Tinn	8		122592512.839586	136215
393	Tinn	9		136811498.342998	152014
393	Tinn	10		153027567.764925	170032
394	Lesja	1		1435618939.890202	1595145
394	Lesja	2		152427272.598734	169365
394	Lesja	3		89539378.995679	99489
394	Lesja	4		76250985.998747	84724
394	Lesja	5		64137083.544383	71264
394	Lesja	6		61858301.893978	68732
394	Lesja	7		45815931.073098	50907
394	Lesja	8		45352434.805341	50392
394	Lesja	9		53024873.024023	58917
394	Lesja	10		31787744.033262	35320
395	Lyngen	1		438646567.850076	487389
395	Lyngen	2		78693566.330185	87438
395	Lyngen	3		35677512.711402	39642
395	Lyngen	4		13026495.105805	14474
395	Lyngen	5		8858628.667020	9843
395	Lyngen	6		6272049.495120	6969
395	Lyngen	7		6252249.654556	6947
395	Lyngen	8		6193750.125616	6882
395	Lyngen	9		8417632.218088	9353
395	Lyngen	10		3969868.033144	4411
396	Lyngdal	1		345005021.888084	383342
396	Lyngdal	2		10036719.180596	11152
396	Lyngdal	3		3482971.953812	3870
396	Lyngdal	4		1964684.179631	2183
396	Lyngdal	5		1247389.955551	1386
396	Lyngdal	6		1019691.789062	1133
396	Lyngdal	7		932392.492028	1036
396	Lyngdal	8		644394.811093	716
396	Lyngdal	9		442796.434438	492
396	Lyngdal	10		1194290.383129	1327
397	Stange	1		537426172.438428	597145
397	Stange	2		21599.826070	24
398	Snåsa	1		734766683.376177	816414
398	Snåsa	2		325042282.635795	361161
398	Snåsa	3		207687727.620140	230766
398	Snåsa	4		150287989.825068	166988
398	Snåsa	5		126327482.764223	140365
398	Snåsa	6		143644243.323088	159606
398	Snåsa	7		132629232.020201	147367
398	Snåsa	8		116035165.641778	128929
398	Snåsa	9		118364346.886346	131517
398	Snåsa	10		75440992.521115	83824
399	Holtålen	1		267020649.848462	296692
399	Holtålen	2		121427922.217302	134921
399	Holtålen	3		102105977.804764	113452
399	Holtålen	4		104833855.838879	116483
399	Holtålen	5		99949595.168757	111056
399	Holtålen	6		104362259.636346	115959
399	Holtålen	7		90462771.560179	100515
399	Holtålen	8		91282664.958094	101426
399	Holtålen	9		89069582.778652	98967
399	Holtålen	10		92519255.000612	102800
400	Hamar	1		208645319.909236	231830
400	Hamar	2		33981926.364893	37758
400	Hamar	3		10013319.369020	11126
400	Hamar	4		3591871.076916	3991
400	Hamar	5		1862984.998551	2070
400	Hamar	6		1708186.245048	1898
400	Hamar	7		8634530.471542	9594
400	Hamar	8		7022643.451057	7803
400	Hamar	9		2862876.947048	3181
400	Hamar	10		5869752.734564	6522
401	Andøy	1		384765801.718880	427521
401	Andøy	2		96339724.236777	107045
401	Andøy	3		43938546.190497	48821
401	Andøy	4		22561918.323033	25069
401	Andøy	5		12643098.193060	14048
401	Andøy	6		12696197.765482	14107
401	Andøy	7		6660846.364383	7401
401	Andøy	8		4600762.952942	5112
401	Andøy	9		5232557.865494	5814
401	Andøy	10		6777845.422263	7531
402	Valle	1		487047278.108804	541168
402	Valle	2		178306564.208651	198120
402	Valle	3		110035813.950783	122263
402	Valle	4		87562994.910256	97293
402	Valle	5		64492580.681788	71659
402	Valle	6		59339222.178542	65933
402	Valle	7		40388974.772962	44877
402	Valle	8		32805635.836820	36451
402	Valle	9		36108609.240053	40121
402	Valle	10		52748575.248875	58610
403	Flesberg	1		504268639.435731	560303
403	Flesberg	2		9667722.151897	10742
403	Flesberg	3		4468464.018263	4965
403	Flesberg	4		3193174.287371	3548
403	Flesberg	5		1840485.179727	2045
403	Flesberg	6		1750485.904435	1945
403	Flesberg	7		1568687.368345	1743
403	Flesberg	8		1417488.585854	1575
403	Flesberg	9		1474188.129288	1638
403	Flesberg	10		4148966.590975	4610
404	Tysfjord	1		905303610.146770	1005901
404	Tysfjord	2		165269269.190002	183634
404	Tysfjord	3		61375905.778410	68196
404	Tysfjord	4		30093957.672258	33438
404	Tysfjord	5		24175605.329027	26862
404	Tysfjord	6		23254912.742785	25839
404	Tysfjord	7		15568974.632811	17299
404	Tysfjord	8		11300309.005699	12556
404	Tysfjord	9		12035603.084837	13373
404	Tysfjord	10		9346424.739104	10385
405	Kongsberg	1		643268920.151616	714749
405	Kongsberg	2		41825363.206630	46473
405	Kongsberg	3		12177801.939799	13531
405	Kongsberg	4		4500863.757368	5001
405	Kongsberg	5		3427172.403131	3808
405	Kongsberg	6		3563071.308822	3959
405	Kongsberg	7		2986175.954199	3318
405	Kongsberg	8		2569479.309595	2855
405	Kongsberg	9		2744977.896415	3050
405	Kongsberg	10		937792.448546	1042
406	Klæbu	1		125449989.830122	139390
406	Klæbu	2		11406508.150544	12674
406	Klæbu	3		4936460.249783	5485
406	Klæbu	4		4057167.330177	4508
406	Klæbu	5		3411872.526331	3791
406	Klæbu	6		3545071.453764	3939
406	Klæbu	7		3316473.294521	3685
406	Klæbu	8		2974476.048411	3305
406	Klæbu	9		3244473.874287	3605
406	Klæbu	10		4572863.177602	5081
407	Inderøy	1		261541493.968748	290604
407	Inderøy	2		22880515.757568	25423
407	Inderøy	3		7111742.733597	7902
407	Inderøy	4		3635070.729056	4039
407	Inderøy	5		1106991.086095	1230
407	Inderøy	6		818093.412407	909
407	Inderøy	7		1219490.180211	1355
407	Inderøy	8		737994.057397	820
407	Inderøy	9		342897.238864	381
407	Inderøy	10		367197.043193	408
408	Eide	1		99527498.567635	110587
408	Eide	2		6957843.972847	7731
408	Eide	3		3984267.917190	4427
408	Eide	4		3140974.707701	3490
408	Eide	5		2723378.070345	3026
408	Eide	6		3050075.439656	3389
408	Eide	7		2086183.201275	2318
408	Eide	8		1733386.042130	1926
408	Eide	9		1922384.520243	2136
408	Eide	10		1592987.172674	1770
409	Narvik	1		1172310760.114805	1302578
409	Narvik	2		217188951.112607	241323
409	Narvik	3		97427815.475062	108254
409	Narvik	4		52997873.241436	58887
409	Narvik	5		40972170.076858	45525
409	Narvik	6		46148028.398927	51276
409	Narvik	7		39539381.614202	43933
409	Narvik	8		30885051.302079	34317
409	Narvik	9		36408306.826777	40454
409	Narvik	10		22337820.127555	24820
410	Brønnøy	1		711543270.380096	790610
410	Brønnøy	2		107965830.619056	119963
410	Brønnøy	3		37580997.383838	41757
410	Brønnøy	4		16487867.233546	18320
410	Brønnøy	5		12014003.258767	13349
410	Brønnøy	6		12608898.468449	14010
410	Brønnøy	7		14596082.466902	16218
410	Brønnøy	8		12865396.403032	14295
410	Brønnøy	9		14414283.930812	16016
410	Brønnøy	10		11647706.208327	12942
411	Torsken	1		146017524.212511	162243
411	Torsken	2		29287564.165638	32542
411	Torsken	3		11223809.621701	12471
411	Torsken	4		3808769.330370	4232
411	Torsken	5		3356972.968403	3730
411	Torsken	6		3765569.678230	4184
411	Torsken	7		3325473.222051	3695
411	Torsken	8		2856576.997778	3174
411	Torsken	9		3714270.091313	4127
411	Torsken	10		1552487.498792	1725
412	Siljan	1		196739315.780994	218601
412	Siljan	2		418496.630109	465
412	Siljan	3		78299.369504	87
412	Siljan	4		8999.927529	10
412	Siljan	5		3599.971012	4
413	Gloppen	1		532003716.102148	591120
413	Gloppen	2		71634023.176244	79594
413	Gloppen	3		38685288.491676	42984
413	Gloppen	4		27537078.261200	30597
413	Gloppen	5		25103497.857292	27893
413	Gloppen	6		28158073.260718	31287
413	Gloppen	7		15961371.473086	17735
413	Gloppen	8		10992511.484200	12214
413	Gloppen	9		11531607.143200	12813
413	Gloppen	10		13008495.250746	14454
414	Ringerike	1		1282010876.781494	1424468
414	Ringerike	2		27430879.116355	30479
414	Ringerike	3		15897471.987628	17664
414	Ringerike	4		8606630.696201	9563
414	Ringerike	5		3889768.678133	4322
414	Ringerike	6		3750269.801430	4167
414	Ringerike	7		5458456.046478	6065
414	Ringerike	8		6986643.740941	7763
414	Ringerike	9		10549715.049762	11722
414	Ringerike	10		9192525.978354	10214
415	Nøtterøy	1		39115485.027574	43462
416	Lom	1		1215179214.927076	1350210
416	Lom	2		108780324.060453	120868
416	Lom	3		60334614.163277	67039
416	Lom	4		48466409.730460	53852
416	Lom	5		39939878.389253	44378
416	Lom	6		42996253.778185	47774
416	Lom	7		40861470.968248	45402
416	Lom	8		37428898.608594	41588
416	Lom	9		42722655.981296	47470
416	Lom	10		20896931.730122	23219
417	Steinkjer	1		829325321.953383	921480
417	Steinkjer	2		161764697.410172	179740
417	Steinkjer	3		80746449.799606	89719
417	Steinkjer	4		49611200.512180	55124
417	Steinkjer	5		33134133.191638	36816
417	Steinkjer	6		34053025.792374	37837
417	Steinkjer	7		31813843.823097	35349
417	Steinkjer	8		25003598.661717	27782
417	Steinkjer	9		23379111.742688	25977
417	Steinkjer	10		24316904.191236	27019
418	Lardal	1		250418483.535538	278245
418	Lardal	2		161998.695526	180
418	Lardal	3		899.992753	1
419	Birkenes	1		631353016.103092	701509
419	Birkenes	2		3099575.041067	3444
419	Birkenes	3		891892.818147	991
419	Birkenes	4		306897.528747	341
419	Birkenes	5		103499.166586	115
419	Birkenes	6		35099.717364	39
419	Birkenes	7		9899.920282	11
419	Birkenes	8		2699.978259	3
420	Aukra	1		46832922.883902	52037
420	Aukra	2		107099.137598	119
420	Aukra	3		66599.463716	74
420	Aukra	4		69299.441975	77
420	Aukra	5		47699.615905	53
420	Aukra	6		62999.492705	70
420	Aukra	7		47699.615905	53
420	Aukra	8		1799.985506	2
420	Aukra	9		1799.985506	2
421	Evje og Hornnes	1		452029460.085842	502259
421	Evje og Hornnes	2		46090428.862740	51212
421	Evje og Hornnes	3		10280617.216638	11423
421	Evje og Hornnes	4		6140650.553193	6823
421	Evje og Hornnes	5		4351464.960383	4835
421	Evje og Hornnes	6		3535171.533482	3928
421	Evje og Hornnes	7		3038375.533868	3376
421	Evje og Hornnes	8		1709986.230554	1900
421	Evje og Hornnes	9		1732486.049377	1925
421	Evje og Hornnes	10		584995.289400	650
422	Vikna	1		280871538.315742	312082
422	Vikna	2		872092.977582	969
422	Vikna	3		61199.507199	68
422	Vikna	4		5399.956518	6
423	Frosta	1		53562168.697519	59514
423	Frosta	2		756893.905208	841
423	Frosta	3		116099.065127	129
423	Frosta	4		42299.659387	47
423	Frosta	5		19799.840564	22
423	Frosta	6		5399.956518	6
423	Frosta	7		2699.978259	3
423	Frosta	8		899.992753	1
424	Vestnes	1		235577603.040057	261755
424	Vestnes	2		20599034.128904	22888
424	Vestnes	3		11760205.302443	13067
424	Vestnes	4		9199725.920377	10222
424	Vestnes	5		7657138.341868	8508
424	Vestnes	6		8066635.044448	8963
424	Vestnes	7		5119158.778626	5688
424	Vestnes	8		3803369.373853	4226
424	Vestnes	9		4167866.438787	4631
424	Vestnes	10		13711389.590779	15235
425	Vang	1		723022677.943459	803365
425	Vang	2		128025769.088992	142252
425	Vang	3		71326225.654744	79252
425	Vang	4		59828818.236133	66477
425	Vang	5		47487217.615278	52764
425	Vang	6		48801207.034548	54224
425	Vang	7		44846638.878198	49830
425	Vang	8		42557057.314758	47286
425	Vang	9		50666892.011361	56297
425	Vang	10		61468605.031962	68299
426	Skien	1		637945463.018155	708834
426	Skien	2		14981279.365153	16646
426	Skien	3		5160558.445260	5734
426	Skien	4		2641478.729829	2935
426	Skien	5		1827885.281187	2031
426	Skien	6		2033083.628853	2259
426	Skien	7		1635286.832061	1817
426	Skien	8		845093.194995	939
426	Skien	9		671394.593681	746
426	Skien	10		214198.275196	238
427	Sirdal	1		458680406.529845	509649
427	Sirdal	2		219748530.501882	244167
427	Sirdal	3		135979905.039310	151090
427	Sirdal	4		90857868.378713	100954
427	Sirdal	5		79171462.481988	87969
427	Sirdal	6		93512846.999841	103904
427	Sirdal	7		71416224.930037	79352
427	Sirdal	8		64399881.428237	71556
427	Sirdal	9		77312977.447198	85904
427	Sirdal	10		101515582.558846	112796
428	Ulvik	1		528048247.953110	586725
428	Ulvik	2		34507522.132600	38342
428	Ulvik	3		15424075.799591	17138
428	Ulvik	4		9758621.419942	10843
428	Ulvik	5		7930736.138756	8812
428	Ulvik	6		7274641.421876	8083
428	Ulvik	7		4841961.010726	5380
428	Ulvik	8		3691770.272490	4102
428	Ulvik	9		3866368.866557	4296
428	Ulvik	10		4851860.931008	5391
*	no data	1		24299.804329	27
*	no data	2		80099.355010	89
*	no data	3		60299.514446	67
*	no data	4		28799.768094	32
*	no data	5		17099.862306	19
*	no data	6		10799.913035	12
*	no data	7		27899.775341	31
*	no data	8		12599.898541	14
*	no data	9		7199.942023	8
*	no data	10		1799.985506	2
*	no data	*	no data	1818270128408.890137	2020316452
